1.644219004825392005e+02 -4.305916336489916570e-03 -9.339593180555594981e-03 -4.305916336489916570e-03 -3.174667209501465095e+02 -3.976481391836991008e+01 -9.339593180555594981e-03 -3.976481391836991008e+01 1.330873227749393095e+02
1.646870074629933072e+02 2.203497092382163992e-03 -9.681236307723105339e-02 2.203497092382163992e-03 -3.170175512079846953e+02 -3.976764409812159329e+01 -9.681236307723105339e-02 -3.976764409812159329e+01 1.330874238527875946e+02
1.646089349329861875e+02 9.865197991582532258e-03 -1.815560310704973923e-01 9.865197991582532258e-03 -3.168693508668447976e+02 -3.974813607340463051e+01 -1.815560310704973923e-01 -3.974813607340463051e+01 1.327311446531899719e+02
1.653868907000149875e+02 2.731123460374590417e-02 -2.583145490500852737e-01 2.731123460374590417e-02 -3.158496371023131815e+02 -3.976343925963337256e+01 -2.583145490500852737e-01 -3.976343925963337256e+01 1.333772342593599944e+02
1.664267391719228328e+02 4.888124742550525176e-02 -3.329706477855653435e-01 4.888124742550525176e-02 -3.144564406884076675e+02 -3.969632356837916376e+01 -3.329706477855653435e-01 -3.969632356837916376e+01 1.340977575929993009e+02
