2.954836051441290135e+00 -1.100877062100435495e+02 -1.454966539376390813e+02 -1.100877062100435495e+02 -3.969974732657674110e+01 -1.963713256817419222e+02 -1.454966539376390813e+02 -1.963713256817419222e+02 1.717009876540620894e+02
2.773234344300764764e+00 -1.100838875790113747e+02 -1.454005482831214238e+02 -1.100838875790113747e+02 -3.936826951173590317e+01 -1.969716764037449082e+02 -1.454005482831214238e+02 -1.969716764037449082e+02 1.718613082336665911e+02
2.267214129416703194e+00 -1.100625651689777271e+02 -1.453469223186805266e+02 -1.100625651689777271e+02 -3.934079600955313083e+01 -1.975952278894243932e+02 -1.453469223186805266e+02 -1.975952278894243932e+02 1.717611981768773717e+02
2.637786469527392708e+00 -1.102421646749824617e+02 -1.455491652746435705e+02 -1.102421646749824617e+02 -3.824967895554593156e+01 -1.983526378737179243e+02 -1.455491652746435705e+02 -1.983526378737179243e+02 1.724038221764688501e+02
2.673764166225044203e+00 -1.104661841484532658e+02 -1.458269139187993915e+02 -1.104661841484532658e+02 -3.744890170747629554e+01 -1.991475736483707806e+02 -1.458269139187993915e+02 -1.991475736483707806e+02 1.727121198688820130e+02
2.968583123157088277e+00 -1.107392885116240109e+02 -1.461769069338340330e+02 -1.107392885116240109e+02 -3.631291057852894966e+01 -1.999583619021193215e+02 -1.461769069338340330e+02 -1.999583619021193215e+02 1.732178098237849042e+02
2.807767153580840169e+00 -1.111158880963908899e+02 -1.466608410124780164e+02 -1.111158880963908899e+02 -3.557775186046609406e+01 -2.008496510262757226e+02 -1.466608410124780164e+02 -2.008496510262757226e+02 1.732864213348709939e+02
3.476481691683999120e+00 -1.115725550853402979e+02 -1.472649071592690291e+02 -1.115725550853402979e+02 -3.385643683865855991e+01 -2.017819955943401169e+02 -1.472649071592690291e+02 -2.017819955943401169e+02 1.739854165849967842e+02
3.319092169412289017e+00 -1.120904440182973048e+02 -1.479521368975659641e+02 -1.120904440182973048e+02 -3.299330237789609299e+01 -2.027629503033815297e+02 -1.479521368975659641e+02 -2.027629503033815297e+02 1.740041588389276228e+02
4.208606146169938000e+00 -1.126903199915773683e+02 -1.487534095356073749e+02 -1.126903199915773683e+02 -3.091741198381532030e+01 -2.037807909240687820e+02 -1.487534095356073749e+02 -2.037807909240687820e+02 1.748279097969367228e+02
