4.839727059391355368e+01 4.571036220869382355e-03 2.728273188330559637e-02 4.571036220869382355e-03 5.041963640388402013e+01 8.872319810946651675e-01 2.728273188330559637e-02 8.872319810946651675e-01 -1.089082996211378003e+02
4.827770622496139197e+01 -1.539393812499061098e-02 3.972496948899041647e-02 -1.539393812499061098e-02 5.012112519094895191e+01 1.045885884007351496e+00 3.972496948899041647e-02 1.045885884007351496e+00 -1.090338493828096489e+02
4.811759696970933220e+01 -3.861808179425074011e-02 5.208521541358340778e-02 -3.861808179425074011e-02 4.975976735445699717e+01 1.215075717940337308e+00 5.208521541358340778e-02 1.215075717940337308e+00 -1.091933437004535250e+02
4.883414276869108761e+01 -6.424048213544683583e-02 6.395351125162543338e-02 -6.424048213544683583e-02 5.023913171796036892e+01 1.376804308893967210e+00 6.395351125162543338e-02 1.376804308893967210e+00 -1.084300831411697175e+02
4.954499014583695526e+01 -9.039582840373980299e-02 7.651873637894800184e-02 -9.039582840373980299e-02 5.067317517974022678e+01 1.547326507644695370e+00 7.651873637894800184e-02 1.547326507644695370e+00 -1.076851477226099121e+02
