-6.414916452480368037e+01 -2.404922100281485200e+02 4.732748417657999340e+01 -2.404922100281485200e+02 3.614122782236413656e+01 7.272634523860801892e+00 4.732748417657999340e+01 7.272634523860801892e+00 2.689879698620041992e+01
-6.394590636817770246e+01 -2.405856859172771749e+02 4.712653146812604632e+01 -2.405856859172772033e+02 3.655108800778873501e+01 7.352996502313609462e+00 4.712653146812604632e+01 7.352996502313609462e+00 2.725423291519763680e+01
-6.396980895217490115e+01 -2.406555700469948533e+02 4.689346063380811103e+01 -2.406555700469948533e+02 3.673051031970823033e+01 7.422524225876736104e+00 4.689346063380811103e+01 7.422524225876736104e+00 2.733611748581781598e+01
-6.301409904249168648e+01 -2.406920429010221483e+02 4.670139481313889718e+01 -2.406920429010221483e+02 3.782402782573903721e+01 7.484184603278361436e+00 4.670139481313889718e+01 7.484184603278361436e+00 2.846754687301732289e+01
-6.206677843977634268e+01 -2.406933895005004445e+02 4.646321046343651773e+01 -2.406933895005004445e+02 3.888153816558507003e+01 7.539264382350818750e+00 4.646321046343651773e+01 7.539264382350818750e+00 2.947915657958477453e+01
