-1.440239766541979805e+02 1.808125684426116096e-03 3.966211178741158028e-03 1.808125684426116096e-03 -1.464095554671525008e+02 -2.891640140265551162e-01 3.966211178741158028e-03 -2.891640140265551162e-01 3.028033865415894184e+02
-1.438306238592343789e+02 -9.149504807429356679e-02 -1.424530848364532476e-01 -9.149504807429356679e-02 -1.462774650811310835e+02 -2.156530117382202127e-01 -1.424530848364532476e-01 -2.156530117382202127e-01 3.026410440742242827e+02
-1.437319935194806817e+02 -1.862175032842294797e-01 -2.874142149771104493e-01 -1.862175032842294797e-01 -1.462324952455603579e+02 -1.423947582014717661e-01 -2.874142149771104493e-01 -1.423947582014717661e-01 3.022133154176933658e+02
-1.427559944941237688e+02 -2.717632345904112956e-01 -4.047479623482030386e-01 -2.717632345904112956e-01 -1.453009605582710435e+02 -6.789220311845158007e-02 -4.047479623482030386e-01 -6.789220311845158007e-02 3.024975994365931342e+02
-1.415496830294366646e+02 -3.484433173794069805e-01 -5.087054680968744469e-01 -3.484433173794069805e-01 -1.441408243462775829e+02 1.312349287083471386e-02 -5.087054680968744469e-01 1.312349287083471386e-02 3.028165100344602365e+02
