-9.830480531279640388e+01 -1.065887050515195063e-03 1.569760928940559797e-03 -1.065887050515195063e-03 -9.572421524444089869e+01 -5.230404655700836569e-01 1.569760928940559797e-03 -5.230404655700836569e-01 2.157699574861248379e+02
-9.829267358018509526e+01 -9.050350047101746523e-03 1.910844785105422425e-02 -9.050350047101746523e-03 -9.531755026502251837e+01 -7.280202352664330023e-01 1.910844785105422425e-02 -7.280202352664330023e-01 2.161425140799267410e+02
-9.862009470233878972e+01 -2.007743607879530767e-02 3.275180209764871897e-02 -2.007743607879530767e-02 -9.525086449518937570e+01 -9.349767409473742630e-01 3.275180209764871897e-02 -9.349767409473742630e-01 2.160979600012151707e+02
-9.803899246216246866e+01 -5.339125134853386218e-02 3.629829901118109686e-02 -5.339125134853386218e-02 -9.429265141654076388e+01 -1.167785852544447778e+00 3.629829901118109686e-02 -1.167785852544447778e+00 2.170270840532670036e+02
-9.719884090918182551e+01 -9.395309856177573582e-02 2.961228023976759938e-02 -9.395309856177573582e-02 -9.308651300994232258e+01 -1.406292614920638728e+00 2.961228023976759938e-02 -1.406292614920638728e+00 2.180005490066202469e+02
