6.568483767375862499e+02 -3.222714155058933443e+02 -9.050805578315724915e+02 -3.222714155058933443e+02 1.262428831719380923e+03 -4.406072795842217147e+02 -9.050805578315724915e+02 -4.406072795842217147e+02 1.649945068538747137e+03
6.559665477552032371e+02 -3.216662955717698651e+02 -9.042147596385611905e+02 -3.216662955717698651e+02 1.261929064235072701e+03 -4.405767431334308526e+02 -9.042147596385611905e+02 -4.405767431334308526e+02 1.648945160761075158e+03
6.544414875857395373e+02 -3.210172350067359730e+02 -9.029905055390134976e+02 -3.210172350067359730e+02 1.260765306877657849e+03 -4.403651570487613185e+02 -9.029905055390134976e+02 -4.403651570487613185e+02 1.646895117658481240e+03
6.531103220166916117e+02 -3.201337622753368919e+02 -9.013104584778002391e+02 -3.201337622753368919e+02 1.259477285483811556e+03 -4.398947567504798144e+02 -9.013104584778002391e+02 -4.398947567504798144e+02 1.644777104686785378e+03
6.511493294406826635e+02 -3.192326150055500875e+02 -8.993500251153740237e+02 -3.192326150055500875e+02 1.257561335020012393e+03 -4.392637096411565381e+02 -8.993500251153740237e+02 -4.392637096411565381e+02 1.641638171063399341e+03
6.490518887504850909e+02 -3.181614668066101785e+02 -8.969829926406971481e+02 -3.181614668066101785e+02 1.255290944819952756e+03 -4.383995213054290048e+02 -8.969829926406971481e+02 -4.383995213054290048e+02 1.638093367000006765e+03
6.465992457600505077e+02 -3.170065551913222635e+02 -8.942704000636190358e+02 -3.170065551913222635e+02 1.252546612635587508e+03 -4.373349819942851013e+02 -8.942704000636190358e+02 -4.373349819942851013e+02 1.633753412059555785e+03
6.437844357183939792e+02 -3.156855910336926740e+02 -8.911830327109080372e+02 -3.156855910336926740e+02 1.249217681960999016e+03 -4.360498244518171873e+02 -8.911830327109080372e+02 -4.360498244518171873e+02 1.628749755325722845e+03
6.408189938725864749e+02 -3.142464802973096880e+02 -8.877205686111075238e+02 -3.142464802973096880e+02 1.245552104709600599e+03 -4.345360671750713095e+02 -8.877205686111075238e+02 -4.345360671750713095e+02 1.623218760183365930e+03
6.374902834942577101e+02 -3.126501966524443219e+02 -8.838873628518163059e+02 -3.126501966524443219e+02 1.241300674973884043e+03 -4.327935576512523994e+02 -8.838873628518163059e+02 -4.327935576512523994e+02 1.616978309409038729e+03
