1.935417749004242069e+03 -1.271892423459817962e+02 -7.285402082694182582e+02 -1.271892423459817962e+02 2.297858635999575654e+03 -5.143768846579266665e+02 -7.285402082694182582e+02 -5.143768846579266665e+02 1.645802247310421308e+03
1.935719245389304433e+03 -1.271913283959334251e+02 -7.287461055441144708e+02 -1.271913283959334251e+02 2.299218022193222623e+03 -5.146203860913535664e+02 -7.287461055441144708e+02 -5.146203860913535664e+02 1.646016088152814291e+03
1.935359919831410707e+03 -1.271328913674870336e+02 -7.286328509911111269e+02 -1.271328913674870336e+02 2.299850067698765997e+03 -5.146790717880061266e+02 -7.286328509911111269e+02 -5.146790717880061266e+02 1.645979672075512781e+03
1.935139130094145912e+03 -1.269013260079555323e+02 -7.281280821624176269e+02 -1.269013260079555323e+02 2.300350719687157834e+03 -5.144962315819806236e+02 -7.281280821624176269e+02 -5.144962315819806236e+02 1.646813276977045462e+03
1.934153713252755779e+03 -1.266438162655818616e+02 -7.273608440421274963e+02 -1.266438162655818616e+02 2.300053630255304597e+03 -5.141750765937315464e+02 -7.273608440421274963e+02 -5.141750765937315464e+02 1.647160749350445712e+03
1.933078126556833922e+03 -1.262347708813575196e+02 -7.262136961624343030e+02 -1.262347708813575196e+02 2.299373633230673931e+03 -5.136161809854983176e+02 -7.262136961624343030e+02 -5.136161809854983176e+02 1.648110565193654793e+03
1.931532487876777168e+03 -1.257700376338548267e+02 -7.247285805607758675e+02 -1.257700376338548267e+02 2.298105701677291108e+03 -5.128554634981696836e+02 -7.247285805607758675e+02 -5.128554634981696836e+02 1.649013327486299431e+03
1.929537215635292114e+03 -1.251749884314266694e+02 -7.228832276178012535e+02 -1.251749884314266694e+02 2.296118718376010747e+03 -5.118592295898117186e+02 -7.228832276178012535e+02 -5.118592295898117186e+02 1.650045784063353722e+03
1.927342331898766133e+03 -1.245081570068218184e+02 -7.206712548495523833e+02 -1.245081570068218184e+02 2.293733631091577081e+03 -5.106143274752989782e+02 -7.206712548495523833e+02 -5.106143274752989782e+02 1.651408306239377907e+03
1.924607603301578365e+03 -1.237169914791395371e+02 -7.180870257766897566e+02 -1.237169914791395371e+02 2.290494285629599744e+03 -5.091044279424271508e+02 -7.180870257766897566e+02 -5.091044279424271508e+02 1.652833368469249763e+03
