1.498150218758802566e+03 -1.794201099180069150e+02 1.739656473754844557e+00 -1.794201099180069150e+02 1.762552119644231880e+03 -3.415341557890445756e+02 1.739656473754844557e+00 -3.415341557890445756e+02 8.770300269733758114e+01
1.498471682121230970e+03 -1.794398200803747727e+02 1.576145154257997172e+00 -1.794398200803747727e+02 1.762974371968805144e+03 -3.417744681532989830e+02 1.576145154257997172e+00 -3.417744681532989830e+02 8.879910071026229446e+01
1.498346724745706524e+03 -1.795946675922373856e+02 1.506816643584921955e+00 -1.795946675922373856e+02 1.762793713530032164e+03 -3.417834929529180386e+02 1.506816643584921955e+00 -3.417834929529180386e+02 8.888868087128037132e+01
1.498633731423189602e+03 -1.798204680787044936e+02 1.545370587557244102e+00 -1.798204680787044936e+02 1.762839613660894202e+03 -3.415217015655703676e+02 1.545370587557244102e+00 -3.415217015655703676e+02 8.912911958272950130e+01
1.498183917360580153e+03 -1.800779817110327485e+02 1.665761414474560720e+00 -1.800779817110327485e+02 1.761989351189590707e+03 -3.410938719148325617e+02 1.665761414474560720e+00 -3.410938719148325617e+02 8.768749809159214692e+01
1.498240430655794171e+03 -1.804140291496454154e+02 1.906182076324434149e+00 -1.804140291496454154e+02 1.761485604924458130e+03 -3.403771042794932100e+02 1.906182076324434149e+00 -3.403771042794932100e+02 8.667289401922690217e+01
1.497841119371852301e+03 -1.808421295443718009e+02 2.243745681273108694e+00 -1.808421295443718009e+02 1.760368551326818078e+03 -3.394728554568689560e+02 2.243745681273108694e+00 -3.394728554568689560e+02 8.443922001432858337e+01
1.497477004806424475e+03 -1.812821246249960154e+02 2.685347176229490707e+00 -1.812821246249960154e+02 1.759112407517450265e+03 -3.383525168321676233e+02 2.685347176229490707e+00 -3.383525168321676233e+02 8.187587007934860139e+01
1.497005332679137609e+03 -1.817910330755107964e+02 3.234163290659465062e+00 -1.817910330755107964e+02 1.757593497642375723e+03 -3.370209978963819708e+02 3.234163290659465062e+00 -3.370209978963819708e+02 7.870608970917099612e+01
1.496465451116330541e+03 -1.823250665681648854e+02 3.878552033054535553e+00 -1.823250665681648854e+02 1.755852306952685694e+03 -3.354990737382348698e+02 3.878552033054535553e+00 -3.354990737382348698e+02 7.508025011504739155e+01
