-1.119265297666206607e+02 3.004967708954025141e-03 9.890522856623512257e-03 3.004967708954025141e-03 -1.131712232124765478e+02 -1.306862446668946021e-01 9.890522856623512257e-03 -1.306862446668946021e-01 2.372259817564712989e+02
-1.117801420681632720e+02 5.940283848495208491e-02 -1.450543684143436318e-01 5.940283848495208491e-02 -1.131273427237464517e+02 1.404971657299034296e-02 -1.450543684143436318e-01 1.404971657299034296e-02 2.371146387476527764e+02
-1.117489978664115284e+02 1.107061944696108718e-01 -3.096310767126865815e-01 1.107061944696108718e-01 -1.132093126707211610e+02 1.656314320637374271e-01 -3.096310767126865815e-01 1.656314320637374271e-01 2.367784405723211592e+02
-1.108984129007419170e+02 1.539100679539763539e-01 -4.857500450851576224e-01 1.539100679539763539e-01 -1.125197820339824375e+02 3.217703502389246961e-01 -4.857500450851576224e-01 3.217703502389246961e-01 2.372939417877697963e+02
-1.097092815068290719e+02 1.914622140916998339e-01 -6.695704869898484457e-01 1.914622140916998339e-01 -1.114904313403026492e+02 4.888346145877263127e-01 -6.695704869898484457e-01 4.888346145877263127e-01 2.379553331904657512e+02
