1.725563366523002060e+03 -4.120719293617551102e+02 -5.905591310260413138e+02 -4.120719293617551102e+02 5.813341441116618853e+02 -3.421529269761833802e+02 -5.905591310260413138e+02 -3.421529269761833802e+02 1.711604788276884619e+03
1.725193265226550466e+03 -4.118236736033392162e+02 -5.902551074416003303e+02 -4.118236736033392162e+02 5.814466241807488132e+02 -3.423104557379273274e+02 -5.902551074416003303e+02 -3.423104557379273274e+02 1.711427033250268551e+03
1.724519455151337070e+03 -4.113589889406487146e+02 -5.896999161462132406e+02 -4.113589889406487146e+02 5.813838204477992804e+02 -3.424006475649450181e+02 -5.896999161462132406e+02 -3.424006475649450181e+02 1.710557193678776230e+03
1.724241056749162226e+03 -4.105471523155019327e+02 -5.888285025463260354e+02 -4.105471523155019327e+02 5.815907737011376639e+02 -3.424862747096179874e+02 -5.888285025463260354e+02 -3.424862747096179874e+02 1.709890246367363716e+03
1.723816037602018923e+03 -4.095697436435139593e+02 -5.877859920599323686e+02 -4.095697436435139593e+02 5.817772960659124237e+02 -3.425250745095479488e+02 -5.877859920599323686e+02 -3.425250745095479488e+02 1.708655531273690258e+03
1.723173771055835687e+03 -4.083195243701525783e+02 -5.864830585756316168e+02 -4.083195243701525783e+02 5.814345199023933901e+02 -3.426003288070997428e+02 -5.864830585756316168e+02 -3.426003288070997428e+02 1.706979222513876721e+03
1.722883410037860585e+03 -4.068940842558903910e+02 -5.849784133525469088e+02 -4.068940842558903910e+02 5.820706005169853370e+02 -3.424908708725306496e+02 -5.849784133525469088e+02 -3.424908708725306496e+02 1.705176487793399474e+03
1.721767046139186732e+03 -4.051279299553061719e+02 -5.832257799558734632e+02 -4.051279299553061719e+02 5.808071279245402820e+02 -3.426553096189274470e+02 -5.832257799558734632e+02 -3.426553096189274470e+02 1.702429194373531800e+03
1.721524456882991899e+03 -4.032013979015835616e+02 -5.812286055077955780e+02 -4.032013979015835616e+02 5.814508897976985509e+02 -3.424875811531856584e+02 -5.812286055077955780e+02 -3.424875811531856584e+02 1.700055291969460541e+03
1.720336883939740346e+03 -4.009527566771646434e+02 -5.790244148452436548e+02 -4.009527566771646434e+02 5.801592578372718663e+02 -3.425938752906813534e+02 -5.790244148452436548e+02 -3.425938752906813534e+02 1.696578782674885360e+03
