2.645091359872382668e+02 -1.911483308925031395e+02 -1.433870490901483663e+02 -1.911483308925031395e+02 1.428180661437782248e+02 -1.095056807246469077e+02 -1.433870490901483663e+02 -1.095056807246469077e+02 -1.117643584574798865e+02
2.650328696294523070e+02 -1.912168260747907595e+02 -1.435506519772742706e+02 -1.912168260747907595e+02 1.436768009452381989e+02 -1.096242146635677557e+02 -1.435506519772742706e+02 -1.096242146635677557e+02 -1.111029731455367795e+02
2.651065951343195479e+02 -1.913386264603801123e+02 -1.438253140511287143e+02 -1.913386264603801123e+02 1.442422769703385370e+02 -1.097599224969357863e+02 -1.438253140511287143e+02 -1.097599224969357863e+02 -1.107963680288015382e+02
2.661822981448575547e+02 -1.915446931541963522e+02 -1.441556259556481052e+02 -1.915446931541963522e+02 1.458598293763930371e+02 -1.099343868202231818e+02 -1.441556259556481052e+02 -1.099343868202231818e+02 -1.094429368932418072e+02
2.670592488973705940e+02 -1.917716009801305290e+02 -1.445579199241748825e+02 -1.917716009801305290e+02 1.473561224647113193e+02 -1.101138810705890165e+02 -1.445579199241748825e+02 -1.101138810705890165e+02 -1.082360349481113531e+02
2.677978265563505715e+02 -1.920396500024475301e+02 -1.449911148789765605e+02 -1.920396500024475301e+02 1.487790908391645814e+02 -1.103033550169113539e+02 -1.449911148789765605e+02 -1.103033550169113539e+02 -1.070952434788050596e+02
2.691408170863012401e+02 -1.923458142490802629e+02 -1.454916427221592983e+02 -1.923458142490802629e+02 1.508644865821669043e+02 -1.104941515735411457e+02 -1.454916427221592983e+02 -1.104941515735411457e+02 -1.053545079582033708e+02
2.698802965250363286e+02 -1.927087505411843154e+02 -1.460278409645439126e+02 -1.927087505411843154e+02 1.524037845450285431e+02 -1.107134243308821198e+02 -1.460278409645439126e+02 -1.107134243308821198e+02 -1.040821368028523892e+02
2.720929634508089521e+02 -1.930819470829464422e+02 -1.466410712375644891e+02 -1.930819470829464422e+02 1.555233413111836569e+02 -1.109111746114012931e+02 -1.466410712375644891e+02 -1.109111746114012931e+02 -1.014354332611733867e+02
2.723020360771421338e+02 -1.935340192939549127e+02 -1.472460251763882297e+02 -1.935340192939549127e+02 1.565575023343365046e+02 -1.111604064961618121e+02 -1.472460251763882297e+02 -1.111604064961618121e+02 -1.005762375500607675e+02
