9.094169925503950935e+02 -3.621540247465188145e+02 -4.992296721632019398e+02 -3.621540247465188145e+02 7.465564092497804722e+02 -2.278220644191354616e+00 -4.992296721632019398e+02 -2.278220644191354616e+00 3.450047919634326377e+02
9.093934761104477502e+02 -3.624038846615020475e+02 -4.993570513732784093e+02 -3.624038846615020475e+02 7.466107266226028969e+02 -2.063716729620996393e+00 -4.993570513732784093e+02 -2.063716729620996393e+00 3.450638632361061013e+02
9.086918511042994169e+02 -3.626058621403433335e+02 -4.994102299792164104e+02 -3.626058621403433335e+02 7.460378365013933717e+02 -1.880718698854138005e+00 -4.994102299792164104e+02 -1.880718698854138005e+00 3.444490014211549465e+02
9.088460907523173091e+02 -3.625950528927733103e+02 -4.992168022898410413e+02 -3.625950528927733103e+02 7.464214021091445375e+02 -1.784230799976867399e+00 -4.992168022898410413e+02 -1.784230799976867399e+00 3.450472517001247752e+02
9.085257176688213576e+02 -3.625908412628672863e+02 -4.989896092585580618e+02 -3.625908412628672863e+02 7.464281443321272036e+02 -1.716465132518851577e+00 -4.989896092585580618e+02 -1.716465132518851577e+00 3.451259531448066582e+02
9.081057476720970953e+02 -3.625205269266678556e+02 -4.986223659761508884e+02 -3.625205269266678556e+02 7.463834612886605555e+02 -1.718670363628448161e+00 -4.986223659761508884e+02 -1.718670363628448161e+00 3.451962674810060321e+02
9.080254013419154262e+02 -3.623777834014835548e+02 -4.981736014453479697e+02 -3.623777834014835548e+02 7.468685759814421772e+02 -1.754803617629134616e+00 -4.981736014453479697e+02 -1.754803617629134616e+00 3.456729227626458965e+02
9.072123217864082108e+02 -3.621476982638273512e+02 -4.975704707368732898e+02 -3.621476982638273512e+02 7.465827093421121390e+02 -1.871048218168611665e+00 -4.975704707368732898e+02 -1.871048218168611665e+00 3.454922022656480181e+02
9.068888216128963222e+02 -3.618372848716543331e+02 -4.968364902906741918e+02 -3.618372848716543331e+02 7.469064987262612476e+02 -2.031017851938534236e+00 -4.968364902906741918e+02 -2.031017851938534236e+00 3.458537517136328461e+02
9.058007027412940033e+02 -3.614344325295266458e+02 -4.959581756607856278e+02 -3.614344325295266458e+02 7.464911741753990100e+02 -2.272092993813048967e+00 -4.959581756607856278e+02 -2.272092993813048967e+00 3.455455254769046292e+02
