5.567414606270193644e+02 -2.947667960155116020e+02 -8.712539680267891526e+02 -2.947667960155116020e+02 1.118939704663976499e+03 -4.187698129945735559e+02 -8.712539680267891526e+02 -4.187698129945735559e+02 1.547390367951539247e+03
5.572298037581412018e+02 -2.950094884873138881e+02 -8.712079863752065876e+02 -2.950094884873138881e+02 1.118539242191259063e+03 -4.183863384759021642e+02 -8.712079863752065876e+02 -4.183863384759021642e+02 1.547117280535481768e+03
5.571788052973190588e+02 -2.952436350840666250e+02 -8.708483676494366819e+02 -2.952436350840666250e+02 1.117516280188615610e+03 -4.177994063935506688e+02 -8.708483676494366819e+02 -4.177994063935506688e+02 1.545918349623922950e+03
5.573743916602954869e+02 -2.953333494727448851e+02 -8.700981816746909772e+02 -2.953333494727448851e+02 1.116432614794172650e+03 -4.169533474643016007e+02 -8.700981816746909772e+02 -4.169533474643016007e+02 1.544578999951681226e+03
5.570049296088105848e+02 -2.954696682893249999e+02 -8.691289687282803698e+02 -2.954696682893249999e+02 1.114762709291066585e+03 -4.159487400637381711e+02 -8.691289687282803698e+02 -4.159487400637381711e+02 1.542186431727278432e+03
5.565540568529061147e+02 -2.954180816508678618e+02 -8.677780111974186639e+02 -2.954180816508678618e+02 1.112706768966642358e+03 -4.147045540729695858e+02 -8.677780111974186639e+02 -4.147045540729695858e+02 1.539566532846951986e+03
5.559424905072538650e+02 -2.953785180552436600e+02 -8.661401786747616143e+02 -2.953785180552436600e+02 1.110439015496252978e+03 -4.132706634955742970e+02 -8.661401786747616143e+02 -4.132706634955742970e+02 1.536147802241597674e+03
5.549186808368423272e+02 -2.951226088859962715e+02 -8.641460834987226463e+02 -2.951226088859962715e+02 1.107425919866935601e+03 -4.116112759925291584e+02 -8.641460834987226463e+02 -4.116112759925291584e+02 1.532222322005014803e+03
5.539179657882751826e+02 -2.948400414304100536e+02 -8.618347356859751471e+02 -2.948400414304100536e+02 1.104349595141856526e+03 -4.097588278304694995e+02 -8.618347356859751471e+02 -4.097588278304694995e+02 1.527738419002035471e+03
5.525204211288538545e+02 -2.943913137929391155e+02 -8.591972779733100651e+02 -2.943913137929391155e+02 1.100650926580931355e+03 -4.076996179303686176e+02 -8.591972779733100651e+02 -4.076996179303686176e+02 1.522597694574193838e+03
