6.422637980324461751e+02 -1.774577427861215995e+02 -3.580936675713066393e+02 -1.774577427861215995e+02 7.366117273705232265e+02 -2.838814613987145208e+02 -3.580936675713066393e+02 -2.838814613987145208e+02 2.511328979597077762e+02
6.424149485403069093e+02 -1.778880439695320490e+02 -3.582677101685321190e+02 -1.778880439695320490e+02 7.369543155120887832e+02 -2.838250704904243662e+02 -3.582677101685321190e+02 -2.838250704904243662e+02 2.510257423214160042e+02
6.422425476803526863e+02 -1.783457935243968109e+02 -3.584492420391516703e+02 -1.783457935243968109e+02 7.369670989270200607e+02 -2.837133954630154449e+02 -3.584492420391516703e+02 -2.837133954630154449e+02 2.505714422594692508e+02
6.428726980951716996e+02 -1.787272484123697325e+02 -3.585512142148232897e+02 -1.787272484123697325e+02 7.375083003854193748e+02 -2.834503670163978200e+02 -3.585512142148232897e+02 -2.834503670163978200e+02 2.511154106907973755e+02
6.433753832904011460e+02 -1.791929852957558467e+02 -3.586906696504379397e+02 -1.791929852957558467e+02 7.380382310407550221e+02 -2.831462397985434336e+02 -3.586906696504379397e+02 -2.831462397985434336e+02 2.514304766749637849e+02
6.434808049589908023e+02 -1.795976643098450154e+02 -3.587761506674535781e+02 -1.795976643098450154e+02 7.379796265541217508e+02 -2.827596014479504447e+02 -3.587761506674535781e+02 -2.827596014479504447e+02 2.514282815431068627e+02
6.444006574394617246e+02 -1.800445673308286416e+02 -3.588494201106098558e+02 -1.800445673308286416e+02 7.387790419262423711e+02 -2.822835529787827795e+02 -3.588494201106098558e+02 -2.822835529787827795e+02 2.522302056373497123e+02
6.439872532374034790e+02 -1.804264833809563982e+02 -3.588850033824750199e+02 -1.804264833809563982e+02 7.380358329975499601e+02 -2.817465019797768946e+02 -3.588850033824750199e+02 -2.817465019797768946e+02 2.517340873912047527e+02
6.453748532682554924e+02 -1.808570612616597089e+02 -3.588817199079327906e+02 -1.808570612616597089e+02 7.392059858491658133e+02 -2.811081613250883606e+02 -3.588817199079327906e+02 -2.811081613250883606e+02 2.530466655627121781e+02
6.452108271130325647e+02 -1.812029882172260784e+02 -3.588447347031170125e+02 -1.812029882172260784e+02 7.385800227867123340e+02 -2.804223209684544145e+02 -3.588447347031170125e+02 -2.804223209684544145e+02 2.528033379633480138e+02
