1.463994145532463790e+03 -2.188932639601892731e+02 5.014243593204658112e+01 -2.188932639601892731e+02 1.824873649188041099e+03 -3.694072272861431543e+02 5.014243593204658112e+01 -3.694072272861431543e+02 7.898185431357039477e+01
1.463745952500448084e+03 -2.188542036625258049e+02 5.007379859726090388e+01 -2.188542036625258049e+02 1.824620070379755589e+03 -3.692412523337260382e+02 5.007379859726090388e+01 -3.692412523337260382e+02 7.861796550295089503e+01
1.463391886916313751e+03 -2.188420006744330237e+02 5.000866827958105887e+01 -2.188420006744330237e+02 1.824000885038186652e+03 -3.687595384841170585e+02 5.000866827958105887e+01 -3.687595384841170585e+02 7.785692489803969352e+01
1.463220723010015718e+03 -2.187927592913959529e+02 4.996153826398526121e+01 -2.187927592913959529e+02 1.823299767904129794e+03 -3.680212577045049898e+02 4.996153826398526121e+01 -3.680212577045049898e+02 7.698455439296256486e+01
1.462672465300117892e+03 -2.186999843745910255e+02 4.992798899320236927e+01 -2.186999843745910255e+02 1.821975260586565810e+03 -3.670578657911758569e+02 4.992798899320236927e+01 -3.670578657911758569e+02 7.521220456957205158e+01
1.462431840983590746e+03 -2.186217206357086980e+02 4.990904036506419317e+01 -2.186217206357086980e+02 1.820732917669767403e+03 -3.657859100513662156e+02 4.990904036506419317e+01 -3.657859100513662156e+02 7.359171216545318828e+01
1.461822156795507453e+03 -2.184984024627830195e+02 4.989869824319086433e+01 -2.184984024627830195e+02 1.818896260604140252e+03 -3.643305695242212892e+02 4.989869824319086433e+01 -3.643305695242212892e+02 7.113758748092116946e+01
1.461400384309697301e+03 -2.183544537249439088e+02 4.990197265201926768e+01 -2.183544537249439088e+02 1.817021115815070743e+03 -3.625925741541123557e+02 4.990197265201926768e+01 -3.625925741541123557e+02 6.868858017849257180e+01
1.460702917336301653e+03 -2.181989998238443320e+02 4.991031076411784539e+01 -2.181989998238443320e+02 1.814679680894480498e+03 -3.606659334710094527e+02 4.991031076411784539e+01 -3.606659334710094527e+02 6.557193344101231958e+01
1.460154820662903603e+03 -2.180152929635094665e+02 4.992632494937154064e+01 -2.180152929635094665e+02 1.812295106084899544e+03 -3.585003146222658188e+02 4.992632494937154064e+01 -3.585003146222658188e+02 6.239956807461585697e+01
