3.457081901595666409e+02 -1.868355364390988666e-03 -2.985306940929079514e-03 -1.868355364390988666e-03 -5.358897073577639958e+02 -7.300903209515026049e+01 -2.985306940929079514e-03 -7.300903209515026049e+01 1.569244058560385895e+02
3.460332433765496489e+02 7.237846215966829699e-02 -7.225661289677323684e-02 7.237846215966829699e-02 -5.356627834138324715e+02 -7.286043691904973230e+01 -7.225661289677323684e-02 -7.286043691904973230e+01 1.570541550128113499e+02
3.459987600351503829e+02 1.522709621978655947e-01 -1.388675432794084785e-01 1.522709621978655947e-01 -5.357578055306801161e+02 -7.268454750806070308e+01 -1.388675432794084785e-01 -7.268454750806070308e+01 1.568348872642316678e+02
3.469797684507185522e+02 2.492223590413718826e-01 -1.870995431753715299e-01 2.492223590413718826e-01 -5.348100213474613156e+02 -7.248587228491030032e+01 -1.870995431753715299e-01 -7.248587228491030032e+01 1.576678691335928022e+02
3.475743725454359492e+02 3.583789903848671465e-01 -2.234309317285832486e-01 3.583789903848671465e-01 -5.342212863255733737e+02 -7.221725558485813679e+01 -2.234309317285832486e-01 -7.221725558485813679e+01 1.580644275596847876e+02
