2.721546569722428103e+03 -7.742706189463478950e+02 -7.862682304515967644e+02 -7.742706189463478950e+02 3.817745387736861176e+03 -4.277554114313978175e+02 -7.862682304515967644e+02 -4.277554114313978175e+02 3.076390951339876665e+03
2.721394068287750542e+03 -7.739709169607792774e+02 -7.860148458295179807e+02 -7.739709169607792774e+02 3.817406440194647530e+03 -4.276926209178445788e+02 -7.860148458295179807e+02 -4.276926209178445788e+02 3.076496339089957928e+03
2.721055512963395813e+03 -7.735482962753870879e+02 -7.858331182216760453e+02 -7.735482962753870879e+02 3.816637158349155470e+03 -4.276362722854849494e+02 -7.858331182216760453e+02 -4.276362722854849494e+02 3.076508806863706923e+03
2.720596570527214681e+03 -7.730572038601860640e+02 -7.858532877279222930e+02 -7.730572038601860640e+02 3.815520906323432428e+03 -4.276516638650896311e+02 -7.858532877279222930e+02 -4.276516638650896311e+02 3.076570848597712029e+03
2.719803660527086322e+03 -7.724898666703410299e+02 -7.859010194527812700e+02 -7.724898666703410299e+02 3.813896090359713526e+03 -4.276542073384759988e+02 -7.859010194527812700e+02 -4.276542073384759988e+02 3.076263730128997850e+03
2.718990438396035643e+03 -7.718611176721428819e+02 -7.861640787820401783e+02 -7.718611176721428819e+02 3.812017604524565286e+03 -4.277264705075852476e+02 -7.861640787820401783e+02 -4.277264705075852476e+02 3.076139040506115634e+03
2.717798987509958351e+03 -7.711496107057690779e+02 -7.864565782214771161e+02 -7.711496107057690779e+02 3.809545015602065178e+03 -4.277836154610517951e+02 -7.864565782214771161e+02 -4.277836154610517951e+02 3.075636478689896649e+03
2.716431929991711513e+03 -7.703581269523994024e+02 -7.868801021964832216e+02 -7.703581269523994024e+02 3.806628543032078596e+03 -4.278660168675376667e+02 -7.868801021964832216e+02 -4.278660168675376667e+02 3.075126654900597714e+03
2.714915900999515543e+03 -7.694868565782683163e+02 -7.873889157276614696e+02 -7.694868565782683163e+02 3.803352810788956504e+03 -4.279491076266235723e+02 -7.873889157276614696e+02 -4.279491076266235723e+02 3.074469951465927807e+03
2.712986082166441520e+03 -7.685194215164293610e+02 -7.879389596755569301e+02 -7.685194215164293610e+02 3.799354197261559875e+03 -4.280221790022293362e+02 -7.879389596755569301e+02 -4.280221790022293362e+02 3.073517955525252091e+03
