-2.198699291658721577e+01 -4.096139271626410050e+01 8.207426974704796763e+00 -4.096139271626410050e+01 -1.704494099293195220e+01 1.223797049575276574e+00 8.207426974704796763e+00 1.223797049575276574e+00 3.627949810974806155e+01
-2.227839723742306433e+01 -4.093131439388719883e+01 8.432944826970793173e+00 -4.093131439388719883e+01 -1.723873702167120925e+01 1.253458184499990802e+00 8.432944826970793173e+00 1.253458184499990802e+00 3.642159698767117249e+01
-2.274159857151399322e+01 -4.090924580085255258e+01 8.648119002891247575e+00 -4.090924580085255258e+01 -1.761164402535992934e+01 1.289329389898564493e+00 8.648119002891247575e+00 1.289329389898564493e+00 3.638915432147868501e+01
-2.251472922636372687e+01 -4.088404702262953094e+01 8.867380039698570471e+00 -4.088404702262953094e+01 -1.735446879091820804e+01 1.345981800714302734e+00 8.867380039698570471e+00 1.345981800714302734e+00 3.713462596058305820e+01
-2.156545663732695317e+01 -4.085698846695031961e+01 9.074534875230806819e+00 -4.085698846695031961e+01 -1.640296612106955720e+01 1.426556263483838016e+00 9.074534875230806819e+00 1.426556263483838016e+00 3.834498072955948800e+01
