6.340317397253217678e+03 -1.631527996479669582e+03 -2.072643227131472941e+03 -1.631527996479669582e+03 8.188268229091763715e+03 -6.685519140254538115e+02 -2.072643227131472941e+03 -6.685519140254538115e+02 7.197101593228893762e+03
6.339488325701432586e+03 -1.629382638754150321e+03 -2.072020231663493632e+03 -1.629382638754150321e+03 8.183590461462080384e+03 -6.681628599551571597e+02 -2.072020231663493632e+03 -6.681628599551571597e+02 7.197712738516207537e+03
6.335458186986149485e+03 -1.623498799265250682e+03 -2.069626936263915468e+03 -1.623498799265250682e+03 8.171950937480335597e+03 -6.678125543639429225e+02 -2.069626936263915468e+03 -6.678125543639429225e+02 7.198588973278085177e+03
6.328187189269502596e+03 -1.613622780659118689e+03 -2.065473189221752818e+03 -1.613622780659118689e+03 8.153291593806048695e+03 -6.676022369842647777e+02 -2.065473189221752818e+03 -6.676022369842647777e+02 7.200991268707503878e+03
6.317630010063809095e+03 -1.600053976011326540e+03 -2.059710421764802504e+03 -1.600053976011326540e+03 8.127975459918048728e+03 -6.675301519196320896e+02 -2.059710421764802504e+03 -6.675301519196320896e+02 7.203711822496528839e+03
6.303810086770054113e+03 -1.582639579914213982e+03 -2.052178533456505193e+03 -1.582639579914213982e+03 8.096284073036289556e+03 -6.676438271315812472e+02 -2.052178533456505193e+03 -6.676438271315812472e+02 7.207687426629495349e+03
6.286769280978491224e+03 -1.561901280242572966e+03 -2.043236753574589784e+03 -1.561901280242572966e+03 8.058964232055238426e+03 -6.680061525552954436e+02 -2.043236753574589784e+03 -6.680061525552954436e+02 7.212379003918538729e+03
6.266772775472190915e+03 -1.538199561697709214e+03 -2.033552246442241312e+03 -1.538199561697709214e+03 8.016690811973978271e+03 -6.688379639842141842e+02 -2.033552246442241312e+03 -6.688379639842141842e+02 7.219108812281974679e+03
6.243923498019365070e+03 -1.511952420952947023e+03 -2.023848093627416119e+03 -1.511952420952947023e+03 7.969820039232758063e+03 -6.706302253458358109e+02 -2.023848093627416119e+03 -6.706302253458358109e+02 7.228250925533086956e+03
6.218396249388063552e+03 -1.483658396890210952e+03 -2.014220139934219105e+03 -1.483658396890210952e+03 7.918726021575223058e+03 -6.734773818166277124e+02 -2.014220139934219105e+03 -6.734773818166277124e+02 7.239330191295384793e+03
