1.177693869749169153e+03 -7.808368041117427083e+01 -1.432511100366627375e+02 -7.808368041117427083e+01 2.685782433504778055e+02 -7.556962962168227023e+02 -1.432511100366627375e+02 -7.556962962168227023e+02 9.254929081602796259e+02
1.177827347858505846e+03 -7.811580343442557250e+01 -1.434261110361055387e+02 -7.811580343442557250e+01 2.683403204596892806e+02 -7.555046370185540354e+02 -1.434261110361055387e+02 -7.555046370185540354e+02 9.256086164343624887e+02
1.177571164704627563e+03 -7.817086213280235540e+01 -1.435394162137924354e+02 -7.817086213280235540e+01 2.679672029621383444e+02 -7.551086328886610772e+02 -1.435394162137924354e+02 -7.551086328886610772e+02 9.254711004691768039e+02
1.178159302113030662e+03 -7.820651623647211181e+01 -1.435828190772693915e+02 -7.820651623647211181e+01 2.686560088576565590e+02 -7.546341930002137133e+02 -1.435828190772693915e+02 -7.546341930002137133e+02 9.265409524455928931e+02
1.178406837389402654e+03 -7.827056611184035262e+01 -1.435649675040426985e+02 -7.827056611184035262e+01 2.691498369932164678e+02 -7.540617492825595036e+02 -1.435649675040426985e+02 -7.540617492825595036e+02 9.272580723748369564e+02
1.178717114733580729e+03 -7.831346219988685675e+01 -1.435137668379749982e+02 -7.831346219988685675e+01 2.698307470005767641e+02 -7.534360124067375182e+02 -1.435137668379749982e+02 -7.534360124067375182e+02 9.282572537001003639e+02
1.179026264093735790e+03 -7.838779471221441497e+01 -1.433898847666272331e+02 -7.838779471221441497e+01 2.707372865076390553e+02 -7.526403586333717612e+02 -1.433898847666272331e+02 -7.526403586333717612e+02 9.293560736140235576e+02
1.179246106544974282e+03 -7.843863573120246713e+01 -1.432149328099680190e+02 -7.843863573120246713e+01 2.716286227517885550e+02 -7.518876499908360529e+02 -1.432149328099680190e+02 -7.518876499908360529e+02 9.305350784791161232e+02
1.179785430036111165e+03 -7.851548577308763299e+01 -1.429658772073046862e+02 -7.851548577308763299e+01 2.731297406194986479e+02 -7.508786928040437942e+02 -1.429658772073046862e+02 -7.508786928040437942e+02 9.321914821472659014e+02
1.179905143470853545e+03 -7.855754813381311408e+01 -1.426926598599260956e+02 -7.855754813381311408e+01 2.741197019014471152e+02 -7.500893165069775250e+02 -1.426926598599260956e+02 -7.500893165069775250e+02 9.334971972175598012e+02
