2.305151107256242540e+03 -5.172915733691997957e+02 -5.766370803012757733e+02 -5.172915733691997957e+02 3.478667891044739918e+03 -1.078674578876396026e+03 -5.766370803012757733e+02 -1.078674578876396026e+03 3.094072533924311301e+03
2.305646928059645234e+03 -5.168881103810442710e+02 -5.767722874335415781e+02 -5.168881103810442710e+02 3.479026174615637046e+03 -1.078414784963478041e+03 -5.767722874335415781e+02 -1.078414784963478041e+03 3.093559249632804949e+03
2.306036582137965524e+03 -5.163736978304750664e+02 -5.769404716160263433e+02 -5.163736978304750664e+02 3.478803576460738441e+03 -1.077668686867079714e+03 -5.769404716160263433e+02 -1.077668686867079714e+03 3.092374896472583259e+03
2.307288581787219300e+03 -5.156885011961023793e+02 -5.773509126412121759e+02 -5.156885011961023793e+02 3.478627335036902878e+03 -1.076361807225364146e+03 -5.773509126412121759e+02 -1.076361807225364146e+03 3.091572974079942469e+03
2.308319418132773990e+03 -5.149531338244870540e+02 -5.778322868231351777e+02 -5.149531338244870540e+02 3.477815417740606335e+03 -1.074608492641619250e+03 -5.778322868231351777e+02 -1.074608492641619250e+03 3.090072475372084682e+03
2.309558271111207887e+03 -5.141158797540177829e+02 -5.784009661818927270e+02 -5.141158797540177829e+02 3.476551877963329389e+03 -1.072332978067033991e+03 -5.784009661818927270e+02 -1.072332978067033991e+03 3.088266316567665854e+03
2.310849158907075889e+03 -5.132091519053818729e+02 -5.791002169998098452e+02 -5.132091519053818729e+02 3.474783761111226340e+03 -1.069546178181673440e+03 -5.791002169998098452e+02 -1.069546178181673440e+03 3.086023423396420640e+03
2.312294875731955017e+03 -5.122095879577663027e+02 -5.798961056592012255e+02 -5.122095879577663027e+02 3.472448681816330918e+03 -1.066207720932982738e+03 -5.798961056592012255e+02 -1.066207720932982738e+03 3.083452378529468660e+03
2.313878313744620755e+03 -5.111528507085066622e+02 -5.807893066627677854e+02 -5.111528507085066622e+02 3.469625875750441537e+03 -1.062329428513751282e+03 -5.807893066627677854e+02 -1.062329428513751282e+03 3.080549073632178079e+03
2.315510328215418667e+03 -5.100169881606186095e+02 -5.817845415294139002e+02 -5.100169881606186095e+02 3.466095835207396249e+03 -1.057877637107374085e+03 -5.817845415294139002e+02 -1.057877637107374085e+03 3.077227405368891141e+03
