1.158679682829142195e+02 4.806344772397064431e-03 2.066104051510945713e-02 4.806344772397064431e-03 1.182273842056653592e+02 1.219667204385902703e+00 2.066104051510945713e-02 1.219667204385902703e+00 -2.504101881215151764e+02
1.160360030897621897e+02 1.412566002588903635e-01 3.041729620245570143e-01 1.412566002588903635e-01 1.185116451679185587e+02 1.005982525543833939e+00 3.041729620245570143e-01 1.005982525543833939e+00 -2.500139039546966728e+02
1.157148934842539489e+02 2.859671106139621277e-01 5.974432198900835322e-01 2.859671106139621277e-01 1.182817520796492090e+02 7.972082249107944607e-01 5.974432198900835322e-01 7.972082249107944607e-01 -2.500613223951135069e+02
1.163795214975209404e+02 4.326542562650413926e-01 9.198012266379091972e-01 4.326542562650413926e-01 1.189709527906486954e+02 6.028945719695988359e-01 9.198012266379091972e-01 6.028945719695988359e-01 -2.490655351463596219e+02
1.170051785854256252e+02 5.803817362824403858e-01 1.250169808006396543e+00 5.803817362824403858e-01 1.195733896154971205e+02 4.107656211976746796e-01 1.250169808006396543e+00 4.107656211976746796e-01 -2.481857659861376817e+02
