-3.159896948464682964e+01 -1.228655032190349345e+02 2.441387269543424665e+01 -1.228655032190349345e+02 -4.758347989962471658e+00 3.055063368020695336e+00 2.441387269543424665e+01 3.055063368020695336e+00 3.441722104223597967e+01
-3.146524942237931199e+01 -1.229777241308109410e+02 2.413379209723590080e+01 -1.229777241308109410e+02 -4.299305327464313820e+00 2.875055720207015053e+00 2.413379209723590080e+01 2.875055720207015053e+00 3.476700765027902662e+01
-3.148638785718356914e+01 -1.230992860968616043e+02 2.384303018676270725e+01 -1.230992860968616185e+02 -4.004070682169998285e+00 2.695930515227043411e+00 2.384303018676270725e+01 2.695930515227043411e+00 3.495675095993142634e+01
-3.059956776252800381e+01 -1.232199219901436038e+02 2.352969049430698334e+01 -1.232199219901436038e+02 -2.805317035191324138e+00 2.503111674651998797e+00 2.352969049430698334e+01 2.503111674651998797e+00 3.608959134850188377e+01
-2.979263992262317373e+01 -1.233348139608766871e+02 2.320269210610866750e+01 -1.233348139608766871e+02 -1.691157261406060819e+00 2.309247663516596827e+00 2.320269210610866750e+01 2.309247663516596827e+00 3.712915260334180800e+01
