2.097639620739992949e+02 -1.843497438914572797e+02 -4.824946794153158862e+02 -1.843497438914572797e+02 2.126679122379452735e+02 -1.164815494392120172e+02 -4.824946794153158862e+02 -1.164815494392120172e+02 2.483924570927360378e+02
2.101420333034812984e+02 -1.845989390435090058e+02 -4.828767385688234981e+02 -1.845989390435090058e+02 2.136519274813065294e+02 -1.165583019468403307e+02 -4.828767385688234981e+02 -1.165583019468403307e+02 2.494250889375350084e+02
2.099398716071484898e+02 -1.849300970561873498e+02 -4.832609620228072913e+02 -1.849300970561873498e+02 2.142145053263848808e+02 -1.166581603660340534e+02 -4.832609620228072913e+02 -1.166581603660340534e+02 2.498624379522818799e+02
2.106573171751907410e+02 -1.850406567388467636e+02 -4.834356290871645569e+02 -1.850406567388467636e+02 2.155804995639768435e+02 -1.167503234946457127e+02 -4.834356290871645569e+02 -1.167503234946457127e+02 2.512704356509675847e+02
2.109792368312067765e+02 -1.852309348223796519e+02 -4.836135225624169607e+02 -1.852309348223796519e+02 2.167072383998521730e+02 -1.168664742868686375e+02 -4.836135225624169607e+02 -1.168664742868686375e+02 2.522235094134468341e+02
2.110638850276093876e+02 -1.853565043296379145e+02 -4.837059662484977594e+02 -1.853565043296379145e+02 2.175487504887108514e+02 -1.169856310519751759e+02 -4.837059662484977594e+02 -1.169856310519751759e+02 2.530236392756077066e+02
2.121888202797545659e+02 -1.855909902543791645e+02 -4.837754643415669875e+02 -1.855909902543791645e+02 2.196837527492086508e+02 -1.171045673790702466e+02 -4.837754643415669875e+02 -1.171045673790702466e+02 2.545713345541046237e+02
2.117867213070229013e+02 -1.856339155471572155e+02 -4.837403946579248100e+02 -1.856339155471572155e+02 2.200910420351193864e+02 -1.172497558693488884e+02 -4.837403946579248100e+02 -1.172497558693488884e+02 2.548437358168178832e+02
2.126659282958420931e+02 -1.857347959971313287e+02 -4.836336826205564421e+02 -1.857347959971313287e+02 2.219396351992662630e+02 -1.173798744155710096e+02 -4.836336826205564421e+02 -1.173798744155710096e+02 2.562110526824786803e+02
2.121448929960153578e+02 -1.857051571044989089e+02 -4.834495166818869052e+02 -1.857051571044989089e+02 2.222616550543784228e+02 -1.175320367629396401e+02 -4.834495166818869052e+02 -1.175320367629396401e+02 2.562942580118971136e+02
