1.040738021307574002e+02 -1.612968438421902704e+02 -4.563323566532375821e+02 -1.612968438421902704e+02 1.195319502025271561e+02 -1.161463829750092316e+02 -4.563323566532375821e+02 -1.161463829750092316e+02 1.799849025236694331e+02
1.037605459995035631e+02 -1.609086123908883508e+02 -4.558276128183256901e+02 -1.609086123908883508e+02 1.192616831936795023e+02 -1.164237875688805417e+02 -4.558276128183256901e+02 -1.164237875688805417e+02 1.796990514466612012e+02
1.027539828989015973e+02 -1.605924725934787887e+02 -4.553449770906075287e+02 -1.605924725934787887e+02 1.184215137657210732e+02 -1.167502553904647300e+02 -4.553449770906075287e+02 -1.167502553904647300e+02 1.787402222241258585e+02
1.028622124116387653e+02 -1.601104299602181698e+02 -4.546877057224390910e+02 -1.601104299602181698e+02 1.186139013368319297e+02 -1.171071959962474267e+02 -4.546877057224390910e+02 -1.171071959962474267e+02 1.788896820274295862e+02
1.025498152447717359e+02 -1.597075143082084878e+02 -4.540421939857566827e+02 -1.597075143082084878e+02 1.185105188374202925e+02 -1.175027081933041586e+02 -4.540421939857566827e+02 -1.175027081933041586e+02 1.785838907057277254e+02
1.022513251203576914e+02 -1.593070937432271990e+02 -4.533479462458896592e+02 -1.593070937432271990e+02 1.184565881448488653e+02 -1.179170358007384891e+02 -4.533479462458896592e+02 -1.179170358007384891e+02 1.783196978021867665e+02
1.020390382076192282e+02 -1.589157945619723762e+02 -4.526160676852674101e+02 -1.589157945619723762e+02 1.185643677238596325e+02 -1.183717960889515979e+02 -4.526160676852674101e+02 -1.183717960889515979e+02 1.780363622637398748e+02
1.019037308651647464e+02 -1.585094430524155200e+02 -4.518267816714606511e+02 -1.585094430524155200e+02 1.187808472008669867e+02 -1.188513845382499454e+02 -4.518267816714606511e+02 -1.188513845382499454e+02 1.778423181184544717e+02
1.018228859551401797e+02 -1.581108222223398911e+02 -4.509897004249880865e+02 -1.581108222223398911e+02 1.190981731871916480e+02 -1.193534287708032764e+02 -4.509897004249880865e+02 -1.193534287708032764e+02 1.776742678716364026e+02
1.017450065174033682e+02 -1.576729753519335873e+02 -4.500802003000948730e+02 -1.576729753519335873e+02 1.194214710211578705e+02 -1.198783787203380058e+02 -4.500802003000948730e+02 -1.198783787203380058e+02 1.774969121772946039e+02
