1.557510854434933890e+03 4.382155466974173805e+02 -5.842616815581802712e+02 4.382155466974173805e+02 5.800232128782803329e+02 -8.548796175197576304e+02 -5.842616815581802712e+02 -8.548796175197576304e+02 1.212445576597918489e+03
1.556232464228015033e+03 4.373552693794927677e+02 -5.827461064175280399e+02 4.373552693794927677e+02 5.793558236606463652e+02 -8.535840335789689561e+02 -5.827461064175280399e+02 -8.535840335789689561e+02 1.210665631392786963e+03
1.551328214141472472e+03 4.334699448995380067e+02 -5.764876036952375671e+02 4.334699448995380067e+02 5.754402953027775993e+02 -8.475975790389545637e+02 -5.764876036952375671e+02 -8.475975790389545637e+02 1.203251883660547946e+03
1.543054402372358936e+03 4.266723661204856057e+02 -5.656776177429541121e+02 4.266723661204856057e+02 5.683795605206069013e+02 -8.371252498011459693e+02 -5.656776177429541121e+02 -8.371252498011459693e+02 1.190438942556101210e+03
1.531488548379198392e+03 4.171462336512456659e+02 -5.506029951665701674e+02 4.171462336512456659e+02 5.582358153495347324e+02 -8.223731081722243061e+02 -5.506029951665701674e+02 -8.223731081722243061e+02 1.172476527376420790e+03
1.517240947683187869e+03 4.052769463490033672e+02 -5.318549018177295693e+02 4.052769463490033672e+02 5.456661294856264703e+02 -8.037450592420130988e+02 -5.318549018177295693e+02 -8.037450592420130988e+02 1.150306077082039110e+03
1.500573493007381103e+03 3.913743687668069811e+02 -5.099581895477883791e+02 3.913743687668069811e+02 5.306497326358676219e+02 -7.817896126521740143e+02 -5.099581895477883791e+02 -7.817896126521740143e+02 1.124218195306573989e+03
1.482100778306441953e+03 3.758256716351795603e+02 -4.856354381476034519e+02 3.758256716351795603e+02 5.140399130622399753e+02 -7.569770367115214640e+02 -4.856354381476034519e+02 -7.569770367115214640e+02 1.095360137223719903e+03
1.461943881591780155e+03 3.591162990299483226e+02 -4.596860413984675233e+02 3.591162990299483226e+02 4.955158140345074003e+02 -7.301137962884645276e+02 -4.596860413984675233e+02 -7.301137962884645276e+02 1.063895883148387156e+03
1.441242412731762897e+03 3.415735225190808819e+02 -4.327223127884344080e+02 3.415735225190808819e+02 4.764747381480303829e+02 -7.016813651500552851e+02 -4.327223127884344080e+02 -7.016813651500552851e+02 1.031637354036959550e+03
