-1.107549124041856636e+01 1.351130926579579769e-02 5.335753569336723623e-02 1.351130926579579769e-02 -8.653629507546423127e+00 4.191337583919468313e-01 5.335753569336723623e-02 4.191337583919468313e-01 4.487637764406847651e+01
-1.120140127062751567e+01 -8.017788911618943526e-02 -1.170508184448507127e-01 -8.017788911618943526e-02 -8.752152842027996371e+00 4.441944053684753202e-01 -1.170508184448507127e-01 4.441944053684753202e-01 4.449583606842973182e+01
-1.154153027753413774e+01 -1.712780941059263706e-01 -2.909583589647792845e-01 -1.712780941059263706e-01 -9.068940455382628940e+00 4.571393723297167422e-01 -2.909583589647792845e-01 4.571393723297167422e-01 4.387892748668306808e+01
-1.109913603163370865e+01 -2.533977282663020247e-01 -4.869734758732029989e-01 -2.533977282663020247e-01 -8.589511468066524102e+00 4.561280467858697674e-01 -4.869734758732029989e-01 4.561280467858697674e-01 4.415859945257851393e+01
-1.028281427915129420e+01 -3.314720602512897241e-01 -6.909376115562640974e-01 -3.314720602512897241e-01 -7.728994789317995995e+00 4.531749761978365876e-01 -6.909376115562640974e-01 4.531749761978365876e-01 4.465077114174709294e+01
