-1.638940438810383426e+01 -2.586688216280230953e-05 -2.777696599781002279e-03 -2.586688216280230953e-05 -2.358583446942389727e+01 -8.254396154950335074e+00 -2.777696599781002279e-03 -8.254396154950335074e+00 3.707876645243588598e+01
-1.642010230777810520e+01 -5.775590924015119865e-02 -7.481117633854071636e-02 -5.775590924015119865e-02 -2.354456390277086442e+01 -8.204130499161921719e+00 -7.481117633854071636e-02 -8.204130499161921719e+00 3.729127076203330660e+01
-1.658417599734494985e+01 -1.165166297673026624e-01 -1.508296104782557712e-01 -1.165166297673026624e-01 -2.361535782766987168e+01 -8.169197925328223420e+00 -1.508296104782557712e-01 -8.169197925328223420e+00 3.735886107312218485e+01
-1.585448198595942593e+01 -1.935641631217642489e-01 -2.395941468635374716e-01 -1.935641631217642489e-01 -2.276783362967715618e+01 -8.163682052915213205e+00 -2.395941468635374716e-01 -8.163682052915213205e+00 3.838492377709868464e+01
-1.523044640219782764e+01 -2.784083516583191198e-01 -3.338216761156368451e-01 -2.784083516583191198e-01 -2.200954887783258229e+01 -8.168402835806720219e+00 -3.338216761156368451e-01 -8.168402835806721995e+00 3.928085948537660244e+01
