2.755806287993797241e+02 -3.281978166724513812e+02 -5.970462621225308339e+02 -3.281978166724513812e+02 1.246755445668415803e+02 -7.354427380144397830e+01 -5.970462621225308339e+02 -7.354427380144397830e+01 6.370251221703362035e+02
2.755962998738630745e+02 -3.283111169659839561e+02 -5.970108447067071893e+02 -3.283111169659839561e+02 1.247111391681807362e+02 -7.333763611579361452e+01 -5.970108447067071893e+02 -7.333763611579361452e+01 6.366962855408185078e+02
2.752401176131174907e+02 -3.284325284186712111e+02 -5.969113648833847492e+02 -3.284325284186712111e+02 1.245208616117963345e+02 -7.317220390614041037e+01 -5.969113648833847492e+02 -7.317220390614041037e+01 6.359177717602013900e+02
2.755163104572475277e+02 -3.283577561311235513e+02 -5.965659712518061042e+02 -3.283577561311235513e+02 1.249758543283612795e+02 -7.308998982694110680e+01 -5.965659712518061042e+02 -7.308998982694110680e+01 6.357563754428459788e+02
2.756680206330879628e+02 -3.283039704835248358e+02 -5.961693119444048534e+02 -3.283039704835248358e+02 1.255069580674799710e+02 -7.306419949079381126e+01 -5.961693119444048534e+02 -7.306419949079381126e+01 6.353122501045661465e+02
2.753844450591447526e+02 -3.281507640744422361e+02 -5.956168278197473001e+02 -3.281507640744422361e+02 1.255488329109801953e+02 -7.308603268376126039e+01 -5.956168278197473001e+02 -7.308603268376126039e+01 6.345590344781085150e+02
2.758847185185637159e+02 -3.280106300189487456e+02 -5.949862639445857440e+02 -3.280106300189487456e+02 1.266838045742560581e+02 -7.315509566025339439e+01 -5.949862639445857440e+02 -7.315509566025339439e+01 6.342721120666500383e+02
2.748146361285256489e+02 -3.276367882684900223e+02 -5.941382343800478338e+02 -3.276367882684900223e+02 1.259624035914734463e+02 -7.334860193047609300e+01 -5.941382343800478338e+02 -7.334860193047609300e+01 6.327334133626318362e+02
2.756888694620803335e+02 -3.273745930800857309e+02 -5.932325998356878927e+02 -3.273745930800857309e+02 1.276597227064372930e+02 -7.351425070020380304e+01 -5.932325998356878927e+02 -7.351425070020380304e+01 6.326739774658160513e+02
2.746758014334793074e+02 -3.268808164229023419e+02 -5.921356836836888533e+02 -3.268808164229023419e+02 1.272032731311892206e+02 -7.382534909089045527e+01 -5.921356836836888533e+02 -7.382534909089045527e+01 6.310226084612093018e+02
