2.584567446626571723e+02 -1.862846607739860423e-03 -6.479466461703862340e-04 -1.862846607739860423e-03 -4.390785137357755730e+02 -5.462331965545205748e+01 -6.479466461703862340e-04 -5.462331965545205748e+01 1.532647934768258153e+02
2.585835194736469589e+02 3.492432422858381402e-01 3.237100947601864176e-01 3.492432422858381402e-01 -4.388632334625855265e+02 -5.479581520166222219e+01 3.237100947601864176e-01 -5.479581520166222219e+01 1.539652642980013866e+02
2.581622934086381633e+02 7.012402578179004475e-01 6.437754896356643330e-01 7.012402578179004475e-01 -4.391730532011184209e+02 -5.494259536535250987e+01 6.437754896356643330e-01 -5.494259536535250987e+01 1.541552544036582049e+02
2.588268031909512388e+02 1.010817016358495302e+00 9.215826141812174521e-01 1.010817016358495302e+00 -4.383868711876540942e+02 -5.509933770872766701e+01 9.215826141812174521e-01 -5.509933770872766701e+01 1.554936894429865788e+02
2.594055410359775919e+02 1.295306090692680545e+00 1.174909504501145729e+00 1.295306090692680545e+00 -4.376433929078389724e+02 -5.514985729879627030e+01 1.174909504501145729e+00 -5.514985729879627030e+01 1.566367483201618995e+02
