-3.123774995781643682e+01 3.760491206053050206e+01 -4.621469081506979393e+01 3.760491206053050206e+01 -3.951685666866600855e+01 -6.711530143947581628e-01 -4.621469081506979393e+01 -6.711530143947581628e-01 7.013537816523600554e+01
-3.108332234031739816e+01 3.776083598443408107e+01 -4.581119727589520352e+01 3.776083598443408107e+01 -3.921451266594277030e+01 -8.051858322097996679e-01 -4.581119727589520352e+01 -8.051858322097996679e-01 7.037232438038623172e+01
-3.134812842222853391e+01 3.789939339191996481e+01 -4.542507696186914501e+01 3.789939339191996481e+01 -3.926006328376304566e+01 -9.752982219980249612e-01 -4.542507696186914501e+01 -9.752982219980249612e-01 7.020445036275269501e+01
-3.059719025070938869e+01 3.803178542483761504e+01 -4.503298447481661526e+01 3.803178542483761504e+01 -3.830697296029402565e+01 -1.148553756216701194e+00 -4.503298447481662237e+01 -1.148553756216701194e+00 7.102091646435179939e+01
-2.996180463523739235e+01 3.816973158901047469e+01 -4.463462665215644876e+01 3.816973158901047469e+01 -3.745343195851692286e+01 -1.319623865858169376e+00 -4.463462665215644876e+01 -1.319623865858169376e+00 7.171043849810510551e+01
