-2.605192182074576479e+01 2.672947483454729678e+01 -4.061830618791895375e+01 2.672947483454729678e+01 -3.083797612654905862e+01 -5.228610012558884690e-02 -4.061830618791894665e+01 -5.228610012558884690e-02 5.531292415897280534e+01
-2.599498387873614647e+01 2.675142991509428825e+01 -4.049429845953788032e+01 2.675142991509428825e+01 -3.082488541749542321e+01 -1.306029043323878036e-01 -4.049429845953788032e+01 -1.306029043323878036e-01 5.506149278307015038e+01
-2.603412087263351182e+01 2.676494956524504332e+01 -4.036126235861314626e+01 2.676494956524504332e+01 -3.088008964792316746e+01 -2.152778983623393760e-01 -4.036126235861314626e+01 -2.152778983623393760e-01 5.469412774342437444e+01
-2.537858315738938231e+01 2.677546275798623654e+01 -4.025314827973956255e+01 2.677546275798623654e+01 -3.026600347143334346e+01 -2.965766270473476074e-01 -4.025314827973956255e+01 -2.965766270473476074e-01 5.513191793007094788e+01
-2.449708009814542820e+01 2.677390628900510805e+01 -4.014686370783392988e+01 2.677390628900510805e+01 -2.942649325547256822e+01 -3.787136836061407164e-01 -4.014686370783392988e+01 -3.787136836061407164e-01 5.558390147075133569e+01
