4.601088556121554518e+01 -1.969254294135646717e+02 8.646875305729983552e+01 -1.969254294135646717e+02 3.719006064679525707e+02 -5.756574471725266449e+02 8.646875305729983552e+01 -5.756574471725266449e+02 -1.083303935684741788e+02
4.565282409081328296e+01 -1.965730166138356481e+02 8.630657463578977229e+01 -1.965730166138356481e+02 3.712951278678712583e+02 -5.755091896455668348e+02 8.630657463578977229e+01 -5.755091896455668348e+02 -1.083016415670377768e+02
4.479995513200390889e+01 -1.961448420226122096e+02 8.612206924109726458e+01 -1.961448420226122096e+02 3.701555152522784056e+02 -5.753421656819152759e+02 8.612206924109726458e+01 -5.753421656819152759e+02 -1.087570422154873313e+02
4.472740585463641594e+01 -1.954978416774397374e+02 8.584895199840239854e+01 -1.954978416774397374e+02 3.697393340471290344e+02 -5.750517276338857755e+02 8.584895199840239854e+01 -5.750517276338857755e+02 -1.082774406272812371e+02
4.362958269364531816e+01 -1.948621922155158757e+02 8.555572977146287883e+01 -1.948621922155158757e+02 3.682707599849341022e+02 -5.748240942370385937e+02 8.555572977146287883e+01 -5.748240942370385937e+02 -1.087430677790350018e+02
4.317993779967324741e+01 -1.940490245771256923e+02 8.523201543126816659e+01 -1.940490245771256923e+02 3.673944932148999669e+02 -5.744349784634090383e+02 8.523201543126816659e+01 -5.744349784634090383e+02 -1.085573309205938273e+02
4.194111203945904975e+01 -1.931947099869591966e+02 8.486522663082095619e+01 -1.931947099869591966e+02 3.657184175110535875e+02 -5.741127365255224504e+02 8.486522663082095619e+01 -5.741127365255224504e+02 -1.089810615339416273e+02
4.111059682478320099e+01 -1.922125373345390926e+02 8.446186871122837658e+01 -1.922125373345390926e+02 3.643754527512233494e+02 -5.736453157200478472e+02 8.446186871122837658e+01 -5.736453157200478472e+02 -1.090666482644744235e+02
3.988641477479779951e+01 -1.911760731933732131e+02 8.401356236480920359e+01 -1.911760731933732131e+02 3.626307898707660797e+02 -5.732255204365054624e+02 8.401356236480920359e+01 -5.732255204365054624e+02 -1.093166889473571928e+02
3.866442794279915773e+01 -1.900332748346044696e+02 8.354820292256601988e+01 -1.900332748346044696e+02 3.608250356799941869e+02 -5.726654185984676815e+02 8.354820292256601988e+01 -5.726654185984676815e+02 -1.097700282325752994e+02
