-5.309571747986927903e+02 -1.579451028968190856e-03 1.819367640963359114e-03 -1.579451028968190856e-03 3.381320951627212139e+02 4.471199941532652389e+01 1.819367640963359114e-03 4.471199941532652389e+01 1.515594423658536982e+02
-5.309827858970232910e+02 8.117178705836525579e-03 -7.995221094738981515e-02 8.117178705836525579e-03 3.378336988765522619e+02 4.471993665657337402e+01 -7.995221094738981515e-02 4.471993665657337402e+01 1.519218564013233959e+02
-5.311802772547973746e+02 1.819367640963359331e-02 -1.637830737887015220e-01 1.819367640963359331e-02 3.373065021147438642e+02 4.466137701019555095e+01 -1.637830737887015220e-01 4.466137701019555095e+01 1.520408750339239816e+02
-5.304272789749994672e+02 2.948975022440609300e-02 -2.357580573872519736e-01 2.948975022440609300e-02 3.377030842743719177e+02 4.451672728621346664e+01 -2.357580573872519736e-01 4.451672728621346664e+01 1.530263725037961251e+02
-5.296810183533885947e+02 5.090230784497486172e-02 -2.977165224350041273e-01 5.090230784497486172e-02 3.380532425695788561e+02 4.428766690091107705e+01 -2.977165224350041273e-01 4.428766690091107705e+01 1.539208016263651189e+02
