7.731746373142935909e+02 -5.564921869753366934e+01 -1.891402217184347592e+02 -5.564921869753366934e+01 7.368420488659702983e+01 -3.989169473259319716e+02 -1.891402217184347592e+02 -3.989169473259319716e+02 5.182326960032460192e+02
7.731391285160996176e+02 -5.569138214604815573e+01 -1.892135961701447116e+02 -5.569138214604815573e+01 7.371617840180839210e+01 -3.990886684978719927e+02 -1.892135961701447116e+02 -3.990886684978719927e+02 5.184006219449252058e+02
7.726903901947538316e+02 -5.579425194891787498e+01 -1.893512989082853153e+02 -5.579425194891787498e+01 7.342853807363596275e+01 -3.992041544086408180e+02 -1.893512989082853153e+02 -3.992041544086408180e+02 5.183867927497279879e+02
7.730092935155773830e+02 -5.592443354581094184e+01 -1.894961935211211994e+02 -5.592443354581094184e+01 7.417857262016578090e+01 -3.993467094959734709e+02 -1.894961935211211994e+02 -3.993467094959734709e+02 5.196723706786841603e+02
7.729212407075616511e+02 -5.610599805468324064e+01 -1.897151557784087004e+02 -5.610599805468324064e+01 7.456979327376816968e+01 -3.994943595499575508e+02 -1.897151557784087004e+02 -3.994943595499575508e+02 5.206647454077157136e+02
7.729580492421464442e+02 -5.630672934286379672e+01 -1.900048410251691848e+02 -5.630672934286379672e+01 7.512401820058354929e+01 -3.996888001140071083e+02 -1.900048410251691848e+02 -3.996888001140071083e+02 5.221559243038628892e+02
7.728100006023357764e+02 -5.657719582086034649e+01 -1.903401383543341012e+02 -5.657719582086034649e+01 7.564198914700752141e+01 -3.998681637359244974e+02 -1.903401383543341012e+02 -3.998681637359244974e+02 5.236910862794715058e+02
7.727208040262962641e+02 -5.684242869365699846e+01 -1.907284649282398448e+02 -5.684242869365699846e+01 7.620045987936589427e+01 -4.001123408791917200e+02 -1.907284649282398448e+02 -4.001123408791917200e+02 5.255725153593828054e+02
7.727384284517543165e+02 -5.716757074915589953e+01 -1.911519017145131727e+02 -5.716757074915589953e+01 7.709076197718064805e+01 -4.002974753306837670e+02 -1.911519017145131727e+02 -4.002974753306837670e+02 5.278603806735768558e+02
7.726108983170981901e+02 -5.749545091598455571e+01 -1.916269813600438567e+02 -5.749545091598455571e+01 7.780625819535477206e+01 -4.005450837780225015e+02 -1.916269813600438567e+02 -4.005450837780225015e+02 5.302525714953982288e+02
