-1.309953044301153398e+02 3.675202060921930504e-03 5.609518935091367155e-03 3.675202060921930504e-03 -1.302243630967463730e+02 -9.750891362688133279e-01 5.609518935091367155e-03 -9.750891362688133279e-01 2.819847719459268092e+02
-1.307738444911916815e+02 1.450350792252244059e-01 1.249181837338622508e-01 1.450350792252244059e-01 -1.299897111167408639e+02 -9.957476404849429086e-01 1.249181837338622508e-01 -9.957476404849429086e-01 2.821079879308113618e+02
-1.308044453841410473e+02 2.938807626925626360e-01 2.466447446253449693e-01 2.938807626925626360e-01 -1.300266178827000374e+02 -1.010332389716180446e+00 2.466447446253449693e-01 -1.010332389716180446e+00 2.818650570745844561e+02
-1.297698179744852780e+02 4.382194878430860085e-01 3.738647654394688380e-01 4.382194878430860085e-01 -1.290038284923141987e+02 -1.032132140888069927e+00 3.738647654394688380e-01 -1.032132140888069927e+00 2.826810099616153593e+02
-1.288726818082455168e+02 5.819005452563917880e-01 5.037154572024631349e-01 5.819005452563917880e-01 -1.281241592074481730e+02 -1.053506342347642288e+00 5.037154572024631349e-01 -1.053506342347642288e+00 2.832118832277311640e+02
