1.297937166770856493e+04 7.378581306826563946e+01 -6.139107785198549209e+03 7.378581306826563946e+01 1.840012859010142711e+04 -6.255315626687467557e+03 -6.139107785198549209e+03 -6.255315626687467557e+03 1.909182238965065335e+04
1.262763326796803631e+04 -5.103737195084207769e+02 -4.911356271337953331e+03 -5.103737195084207769e+02 1.736689860683854204e+04 -4.672138377694601331e+03 -4.911356271337953331e+03 -4.672138377694601331e+03 1.644727952007637214e+04
1.223857640713135697e+04 -1.275196074212395160e+03 -3.223637102581635645e+03 -1.275196074212395160e+03 1.590261386704230972e+04 -2.326709619664462934e+03 -3.223637102581635645e+03 -2.326709619664462934e+03 1.295443360976377699e+04
1.211222025446422595e+04 -1.478731107989491193e+03 -2.667303315379624109e+03 -1.478731107989491193e+03 1.520629131907489864e+04 -1.475435131173747550e+03 -2.667303315379624109e+03 -1.475435131173747550e+03 1.190593198601192671e+04
1.204248928598370730e+04 -1.528296669452430933e+03 -2.439268706008681875e+03 -1.528296669452430933e+03 1.484661539443319089e+04 -1.129065160622207486e+03 -2.439268706008681875e+03 -1.129065160622207486e+03 1.151537208299926169e+04
1.199267153107694503e+04 -1.549543342110758203e+03 -2.306218577362300039e+03 -1.549543342110758203e+03 1.459903647439826273e+04 -9.315792070894716517e+02 -2.306218577362300039e+03 -9.315792070894716517e+02 1.129977853145286826e+04
1.194395809746156192e+04 -1.557353576571061922e+03 -2.205307413211475705e+03 -1.557353576571061922e+03 1.440107195830653473e+04 -7.892337013414752391e+02 -2.205307413211475705e+03 -7.892337013414752391e+02 1.114695330439220379e+04
1.189829308459754066e+04 -1.557680393074937456e+03 -2.121075284212114184e+03 -1.557680393074937456e+03 1.422561134468941054e+04 -6.744379981417343970e+02 -2.121075284212114184e+03 -6.744379981417343970e+02 1.102530735427572654e+04
1.185622709067119467e+04 -1.554162065789554617e+03 -2.046732510622939344e+03 -1.554162065789554617e+03 1.406799139227539854e+04 -5.780260232771961455e+02 -2.046732510622939344e+03 -5.780260232771961455e+02 1.092304910639452646e+04
1.181473528181797701e+04 -1.546473703160995228e+03 -1.980868197872441215e+03 -1.546473703160995228e+03 1.392501952156077277e+04 -4.951883642763284001e+02 -1.980868197872441215e+03 -4.951883642763284001e+02 1.083751539873180991e+04
