1.583758631504551886e+02 2.646655807308589373e-04 3.664600348581124748e-04 2.646655807308589373e-04 -1.126704179128991257e+02 -3.227916391598784429e+01 3.664600348581124748e-04 -3.227916391598784429e+01 -3.702484172629122838e+01
1.582106914691883048e+02 -9.605324691447636454e-02 -2.740306705105662877e-01 -9.605324691447636454e-02 -1.124231591838240121e+02 -3.262860391811588556e+01 -2.740306705105662877e-01 -3.262860391811588556e+01 -3.703622234626265453e+01
1.578928484656213698e+02 -1.927172605537162131e-01 -5.410578825771775735e-01 -1.927172605537162131e-01 -1.123151552679949958e+02 -3.295110910768185164e+01 -5.410578825771775735e-01 -3.295110910768185164e+01 -3.717918247763897455e+01
1.584588867072413620e+02 -2.728294959518646756e-01 -7.983331859383978601e-01 -2.728294959518646756e-01 -1.113374806127752095e+02 -3.326850421565062277e+01 -7.983331859383978601e-01 -3.326850421565062277e+01 -3.637441588219972743e+01
1.589160456007268749e+02 -3.483609809142867997e-01 -1.046161963956609098e+00 -3.483609809142867997e-01 -1.104489168226984219e+02 -3.355829266766009056e+01 -1.046161963956609098e+00 -3.355829266766009056e+01 -3.568549137555730510e+01
