3.660469064567063811e+02 -1.270589181798605820e-03 -3.750287423695884952e-03 -1.270589181798605820e-03 -2.237427624989134927e+02 -7.230761135962056585e+01 -3.750287423695884952e-03 -7.230761135962056585e+01 -1.259442630800669178e+02
3.664337598758162358e+02 1.088812955305805269e-01 2.633398546147110511e-02 1.088812955305805269e-01 -2.232727879552653008e+02 -7.239114235163687283e+01 2.633398546147110511e-02 -7.239114235163687283e+01 -1.258082485574927460e+02
3.663248375935378931e+02 2.212874513719572112e-01 5.691009932023755741e-02 2.212874513719572112e-01 -2.232807803710863084e+02 -7.240237272053406059e+01 5.691009932023755741e-02 -7.240237272053406059e+01 -1.261395444399597920e+02
3.671947403288440910e+02 3.367266265505305389e-01 7.705508586391544845e-02 3.367266265505305389e-01 -2.222671371112456313e+02 -7.242011998233144254e+01 7.705508586391544845e-02 -7.242011998233144254e+01 -1.254170710364899861e+02
3.678668820060155440e+02 4.509566926690051769e-01 9.535566875659537422e-02 4.509566926690051769e-01 -2.213792821804030098e+02 -7.237626416218549252e+01 9.535566875659537422e-02 -7.237626416218549252e+01 -1.248924816513983700e+02
