7.410033945100991559e+02 -3.814920896191679844e+02 -5.449809542503721786e+02 -3.814920896191679844e+02 7.314063237961941013e+02 -2.682752278709915217e+01 -5.449809542503721786e+02 -2.682752278709915217e+01 3.543208557677780277e+02
7.415314526037957421e+02 -3.816070745010819678e+02 -5.448913978249912589e+02 -3.816070745010819678e+02 7.323461372765539181e+02 -2.722964505774722710e+01 -5.448913978249912589e+02 -2.722964505774722710e+01 3.547095399343897384e+02
7.412706531565362411e+02 -3.816452171858814495e+02 -5.446738081929207738e+02 -3.816452171858814495e+02 7.324766019633937049e+02 -2.768542693995512494e+01 -5.446738081929207738e+02 -2.768542693995512494e+01 3.542289421059156211e+02
7.418817527936846545e+02 -3.813856613200729271e+02 -5.441329616272888643e+02 -3.813856613200729271e+02 7.333565008031048365e+02 -2.823661193645479273e+01 -5.441329616272888643e+02 -2.823661193645479273e+01 3.548455357745484093e+02
7.418128361082049196e+02 -3.811239709487888945e+02 -5.435453044285357009e+02 -3.811239709487888945e+02 7.336260795641892400e+02 -2.883937772179041303e+01 -5.435453044285357009e+02 -2.883937772179041303e+01 3.546084571794416433e+02
7.418399721691182549e+02 -3.807232964296806585e+02 -5.427604560456899208e+02 -3.807232964296806585e+02 7.339625333098637157e+02 -2.950946395372841380e+01 -5.427604560456899208e+02 -2.950946395372841380e+01 3.545099729528984085e+02
7.418027946520119258e+02 -3.801981523999808701e+02 -5.417999100208430718e+02 -3.801981523999808701e+02 7.342258199200249464e+02 -3.024070840776590785e+01 -5.417999100208430718e+02 -3.024070840776590785e+01 3.543031857746252058e+02
7.414053311715754262e+02 -3.795218853826228269e+02 -5.406460891654279521e+02 -3.795218853826228269e+02 7.340535746086187601e+02 -3.105447469957405815e+01 -5.406460891654279521e+02 -3.105447469957405815e+01 3.538089271111085168e+02
7.415795068183680314e+02 -3.787637461595953141e+02 -5.393608755773142320e+02 -3.787637461595953141e+02 7.345340981934241427e+02 -3.190608670150689719e+01 -5.393608755773142320e+02 -3.190608670150689719e+01 3.537705060125513796e+02
7.409517394775944013e+02 -3.778266425731434310e+02 -5.378537291025104423e+02 -3.778266425731434310e+02 7.340612217064958713e+02 -3.283253632149896362e+01 -5.378537291025104423e+02 -3.283253632149896362e+01 3.529431531293693638e+02
