-5.271094714886628196e+01 4.958762742338252849e+01 -6.632128979258513368e+01 4.958762742338252849e+01 -5.350677361974805990e+01 -1.435892068982258074e+01 -6.632128979258513368e+01 -1.435892068982258074e+01 1.052171020906585142e+02
-5.232249210876261003e+01 4.967195646126255326e+01 -6.613939876481413194e+01 4.967195646126255326e+01 -5.316427588527567849e+01 -1.426543321315881130e+01 -6.613939876481414615e+01 -1.426543321315881130e+01 1.052572977645318417e+02
-5.265313529537365866e+01 4.971709106191646299e+01 -6.601894180514102572e+01 4.971709106191646299e+01 -5.343993289378977352e+01 -1.425658708471037706e+01 -6.601894180514102572e+01 -1.425658708471037706e+01 1.046201734329038402e+02
-5.179947312915708579e+01 4.974333611213584305e+01 -6.588139003439401620e+01 4.974333611213584305e+01 -5.254486076363671998e+01 -1.424117459662810781e+01 -6.588139003439401620e+01 -1.424117459662810781e+01 1.051748421100382274e+02
-5.119084626098532453e+01 4.976299328527989019e+01 -6.574791600125466573e+01 4.976299328527989019e+01 -5.187470523689074042e+01 -1.423601036725233726e+01 -6.574791600125466573e+01 -1.423601036725233726e+01 1.054060543268769976e+02
