2.064288170391906988e+03 -7.052120168756649718e+02 -8.713106540842148888e+02 -7.052120168756649718e+02 9.103608643109238301e+02 2.663212487235953176e+02 -8.713106540842148888e+02 2.663212487235953176e+02 1.921323131942419423e+03
2.064216160125352417e+03 -7.053386556202954125e+02 -8.713874431713214790e+02 -7.053386556202954125e+02 9.104569560849664640e+02 2.662885778327620301e+02 -8.713874431713214790e+02 2.662885778327620301e+02 1.921187357217321505e+03
2.063412896611964243e+03 -7.050157260406349451e+02 -8.710840661515669581e+02 -7.050157260406349451e+02 9.098296187595498168e+02 2.659968199061145242e+02 -8.710840661515669581e+02 2.659968199061145242e+02 1.920156381342920440e+03
2.062770894866618164e+03 -7.041193536117841631e+02 -8.703083979843079305e+02 -7.041193536117841631e+02 9.094984589889384097e+02 2.652507148346239205e+02 -8.703083979843079305e+02 2.652507148346239205e+02 1.919405013321998013e+03
2.061367202223274944e+03 -7.027785352545283786e+02 -8.692473592681982382e+02 -7.027785352545283786e+02 9.083164192870849547e+02 2.641697643662138262e+02 -8.692473592681982382e+02 2.641697643662138262e+02 1.917717027706987437e+03
2.059721335820777767e+03 -7.009017237594678136e+02 -8.677608493523462130e+02 -7.009017237594678136e+02 9.067901639519354831e+02 2.626549875706256216e+02 -8.677608493523462130e+02 2.626549875706256216e+02 1.915812636482858352e+03
2.057526701524881446e+03 -6.985507939208093831e+02 -8.659287651189233657e+02 -6.985507939208093831e+02 9.048757621919437497e+02 2.608483903801473502e+02 -8.659287651189233657e+02 2.608483903801473502e+02 1.913255280336822580e+03
2.054838661815512751e+03 -6.955939377468549765e+02 -8.636682892954210047e+02 -6.955939377468549765e+02 9.020654565149202426e+02 2.583880474147309201e+02 -8.636682892954210047e+02 2.583880474147309201e+02 1.910225711128585317e+03
2.052072333781216912e+03 -6.922274304555743356e+02 -8.610249612306294011e+02 -6.922274304555743356e+02 8.997693581761258201e+02 2.558931595112060222e+02 -8.610249612306294011e+02 2.558931595112060222e+02 1.906968132835183269e+03
2.048401684234210734e+03 -6.881898424520587696e+02 -8.579882862598066140e+02 -6.881898424520587696e+02 8.957765599024905896e+02 2.525034608848930873e+02 -8.579882862598066140e+02 2.525034608848930873e+02 1.902822474772123769e+03
