-1.555895688088323325e+01 -2.533594518353375520e+02 -2.268432922276194859e+02 -2.533594518353375520e+02 1.788094765474054952e+02 -1.705982974878768061e+02 -2.268432922276194859e+02 -1.705982974878768061e+02 -2.543285769425524379e+01
-1.516720053369709831e+01 -2.535909545813028387e+02 -2.269549621578819654e+02 -2.535909545813028387e+02 1.791204949134723563e+02 -1.703122442917480157e+02 -2.269549621578819654e+02 -1.703122442917480157e+02 -2.514661803627630832e+01
-1.529925695957707177e+01 -2.539200183108685280e+02 -2.271972589731732057e+02 -2.539200183108685280e+02 1.791039619627581487e+02 -1.700716256331082548e+02 -2.271972589731732057e+02 -1.700716256331082548e+02 -2.533392932375369355e+01
-1.434088448572143548e+01 -2.541400847300240287e+02 -2.273374368485267780e+02 -2.541400847300240287e+02 1.800119897370706212e+02 -1.697846194097453179e+02 -2.273374368485267780e+02 -1.697846194097453179e+02 -2.446149504483845760e+01
-1.371157574143147606e+01 -2.544282925964213007e+02 -2.275535046968955157e+02 -2.544282925964213007e+02 1.807405997755624583e+02 -1.695300989842769468e+02 -2.275535046968955157e+02 -1.695300989842769468e+02 -2.388808341962979398e+01
-1.320711356481530530e+01 -2.547164797448352545e+02 -2.277471556872783367e+02 -2.547164797448352545e+02 1.813353716416060877e+02 -1.692667734158843302e+02 -2.277471556872783367e+02 -1.692667734158843302e+02 -2.339342084913869613e+01
-1.219323761356204550e+01 -2.549996738592615770e+02 -2.279577747060257309e+02 -2.549996738592615770e+02 1.824879752093783907e+02 -1.690056025177602237e+02 -2.279577747060257309e+02 -1.690056025177602237e+02 -2.243962704960365429e+01
-1.172882329876356877e+01 -2.552936827609971715e+02 -2.281609974047167668e+02 -2.552936827609971715e+02 1.830887552905938662e+02 -1.687452396209868368e+02 -2.281609974047167668e+02 -1.687452396209868368e+02 -2.192967460739943775e+01
-1.053099237333580618e+01 -2.555725053809364056e+02 -2.283538611117322432e+02 -2.555725053809364056e+02 1.844443743772236814e+02 -1.684742898347210200e+02 -2.283538611117322432e+02 -1.684742898347210200e+02 -2.075129786833836931e+01
-9.962470192198001229e+00 -2.558526332338267650e+02 -2.285344390546205204e+02 -2.558526332338267650e+02 1.851767343707020643e+02 -1.682050389230900009e+02 -2.285344390546205204e+02 -1.682050389230900009e+02 -2.013671961021104906e+01
