7.327589734261570129e+02 -1.639298431851890143e+02 -2.425236483772533802e+02 -1.639298431851890143e+02 7.358160405061572646e+02 -1.548724902435076274e+02 -2.425236483772533802e+02 -1.548724902435076274e+02 2.775400392238047402e+02
7.327370781329861984e+02 -1.637640567945709904e+02 -2.425210650217059936e+02 -1.637640567945709904e+02 7.355424938649086926e+02 -1.549692125204356898e+02 -2.425210650217059936e+02 -1.549692125204356898e+02 2.774284852342584600e+02
7.326448180156399985e+02 -1.636185940052873207e+02 -2.425113638893357404e+02 -1.636185940052873207e+02 7.352623714095394689e+02 -1.550559084873721645e+02 -2.425113638893357404e+02 -1.550559084873721645e+02 2.772971676715035301e+02
7.332638116833021513e+02 -1.633716577327191999e+02 -2.423915178704450284e+02 -1.633716577327191999e+02 7.355995083411852420e+02 -1.550905760348927060e+02 -2.423915178704450284e+02 -1.550905760348927060e+02 2.781065709018891994e+02
7.338423568679530717e+02 -1.631411609954526512e+02 -2.422488913526364342e+02 -1.631411609954526512e+02 7.359350916464179591e+02 -1.551019753170633351e+02 -2.422488913526364342e+02 -1.551019753170633351e+02 2.788985048678390513e+02
7.340655732395861151e+02 -1.629111881554649131e+02 -2.420741806428547136e+02 -1.629111881554649131e+02 7.359367897962182496e+02 -1.551194807123459896e+02 -2.420741806428547136e+02 -1.551194807123459896e+02 2.794144172295333988e+02
7.352447937525632824e+02 -1.626474329737036442e+02 -2.418397456432851698e+02 -1.626474329737036442e+02 7.369010498360599968e+02 -1.550829524262144048e+02 -2.418397456432851698e+02 -1.550829524262144048e+02 2.809157081110337799e+02
7.352091506721786800e+02 -1.623854482034364253e+02 -2.415708056850057233e+02 -1.623854482034364253e+02 7.366324350554019702e+02 -1.550571008053171056e+02 -2.415708056850057233e+02 -1.550571008053171056e+02 2.813323690365228913e+02
7.361110850012616993e+02 -1.620993641583424960e+02 -2.412407142684891994e+02 -1.620993641583424960e+02 7.373181443317109824e+02 -1.549921375427408350e+02 -2.412407142684891994e+02 -1.549921375427408350e+02 2.826976272797587058e+02
7.360635729376979270e+02 -1.617852967723891311e+02 -2.408479177673224001e+02 -1.617852967723891311e+02 7.370231720983002788e+02 -1.549166602037409461e+02 -2.408479177673224001e+02 -1.549166602037409461e+02 2.832226265494275026e+02
