-8.045029502969211421e+01 5.486501171747775255e-03 2.574435165204725512e-02 5.486501171747775255e-03 -7.983060175631905508e+01 3.896822627113163962e-01 2.574435165204725512e-02 3.896822627113163962e-01 1.649365648261061210e+02
-8.054065147389788137e+01 3.752123695111024559e-02 1.100716736910716809e-01 3.752123695111024559e-02 -7.953342632471965601e+01 4.326900008341744153e-02 1.100716736910716809e-01 4.326900008341744153e-02 1.652253798749675866e+02
-8.097028671950090484e+01 7.130441815883190038e-02 2.022971457685462104e-01 7.130441815883190038e-02 -7.955527184403722174e+01 -3.044505723472786252e-01 2.022971457685462104e-01 -3.044505723472786252e-01 1.651476845873119998e+02
-8.055984417946206122e+01 9.789284691422497908e-02 2.783645704391151665e-01 9.789284691422497908e-02 -7.873354268685616830e+01 -6.365748154399663017e-01 2.783645704391151665e-01 -6.365748154399663017e-01 1.660404368036174105e+02
-7.975519753508683607e+01 1.272546718663257193e-01 3.455691855245531241e-01 1.272546718663257193e-01 -7.751781039607763546e+01 -9.554751839135696700e-01 3.455691855245531241e-01 -9.554751839135696700e-01 1.670173957595185357e+02
