1.201303429453227807e+02 -1.062301083919938947e+02 -2.118538751004603853e+02 -1.062301083919938947e+02 9.306589958925240991e-01 -3.366984881086012820e+02 -2.118538751004603853e+02 -3.366984881086012820e+02 4.415990085088705541e+02
1.203454505716523926e+02 -1.064550538512610842e+02 -2.121572115295111587e+02 -1.064550538512610842e+02 8.662552816518298560e-01 -3.365119588999338589e+02 -2.121572115295111587e+02 -3.365119588999338589e+02 4.415641377742998657e+02
1.200166721429651062e+02 -1.067190779102762264e+02 -2.124933926839732408e+02 -1.067190779102762264e+02 2.995181810195624572e-01 -3.362953902093065039e+02 -2.124933926839732408e+02 -3.362953902093065039e+02 4.409541726513142521e+02
1.209105902419859007e+02 -1.069318283528723157e+02 -2.128751785253795106e+02 -1.069318283528723157e+02 8.840023426540296603e-01 -3.360107164415511534e+02 -2.128751785253795106e+02 -3.360107164415511534e+02 4.411481240666138319e+02
1.215659652433426459e+02 -1.071385981722766445e+02 -2.132531655996118616e+02 -1.071385981722766445e+02 1.269197334088163487e+00 -3.356941330295349530e+02 -2.132531655996118616e+02 -3.356941330295349530e+02 4.409690755071503077e+02
1.222497628155031464e+02 -1.073754464353553999e+02 -2.136243733355030940e+02 -1.073754464353553999e+02 1.719068771765220882e+00 -3.353232175065032834e+02 -2.136243733355030940e+02 -3.353232175065032834e+02 4.407937672722888465e+02
1.231866167240177248e+02 -1.075867942562257298e+02 -2.140401143111869260e+02 -1.075867942562257298e+02 2.422678375801940120e+00 -3.349063661219532264e+02 -2.140401143111869260e+02 -3.349063661219532264e+02 4.405276587615423978e+02
1.242274984105254561e+02 -1.078103760554817683e+02 -2.144318548706745560e+02 -1.078103760554817683e+02 3.228406633816190308e+00 -3.344296695437712401e+02 -2.144318548706745560e+02 -3.344296695437712401e+02 4.403292657107779178e+02
1.254268568711856489e+02 -1.080514127028804552e+02 -2.148533621801197739e+02 -1.080514127028804552e+02 4.235878650050837635e+00 -3.339016019448835664e+02 -2.148533621801197739e+02 -3.339016019448835664e+02 4.400918719836947162e+02
1.268212771560116039e+02 -1.082835660793494128e+02 -2.152925581079952906e+02 -1.082835660793494128e+02 5.397775422119114985e+00 -3.333182866346872970e+02 -2.152925581079952906e+02 -3.333182866346872970e+02 4.398672187372870894e+02
