1.539589519018594501e+03 -6.253564718984929982e+01 -5.571218710753846608e+02 -6.253564718984929982e+01 1.708175304060683402e+03 -3.754884488283044561e+02 -5.571218710753846608e+02 -3.754884488283044561e+02 1.300404531364458308e+03
1.539018248287906090e+03 -6.217726823847112172e+01 -5.571202026445123465e+02 -6.217726823847112172e+01 1.708118824048631041e+03 -3.751672541232376261e+02 -5.571202026445123465e+02 -3.751672541232376261e+02 1.300633773766317518e+03
1.537967804210682061e+03 -6.183126469173732431e+01 -5.569528662820640648e+02 -6.183126469173732431e+01 1.707753568260439806e+03 -3.748008812117668072e+02 -5.569528662820640648e+02 -3.748008812117668072e+02 1.300771948858736096e+03
1.537128322336194515e+03 -6.146338293843409417e+01 -5.565304195851881559e+02 -6.146338293843409417e+01 1.707589351138318534e+03 -3.743091873796415143e+02 -5.565304195851881559e+02 -3.743091873796415143e+02 1.301604844058301978e+03
1.535888460576629313e+03 -6.108286463478471262e+01 -5.559672153550650364e+02 -6.108286463478471262e+01 1.707097512225247556e+03 -3.737755796623841889e+02 -5.559672153550650364e+02 -3.737755796623841889e+02 1.302304656506633137e+03
1.534645537609115763e+03 -6.067147310594980780e+01 -5.551996355971277808e+02 -6.067147310594980780e+01 1.706594371506528660e+03 -3.731588405634008723e+02 -5.551996355971277808e+02 -3.731588405634008723e+02 1.303418950707936574e+03
1.533114628964942085e+03 -6.023361881267017282e+01 -5.542291601370197895e+02 -6.023361881267017282e+01 1.705805871076261610e+03 -3.724667319132715306e+02 -5.542291601370197895e+02 -3.724667319132715306e+02 1.304605712841477953e+03
1.531522539686084428e+03 -5.976175754578394361e+01 -5.530585455127038585e+02 -5.976175754578394361e+01 1.704924779986627527e+03 -3.716776946835065019e+02 -5.530585455127038585e+02 -3.716776946835065019e+02 1.306105806292844136e+03
1.529772326684812924e+03 -5.924767772378027786e+01 -5.516844693705299960e+02 -5.924767772378027786e+01 1.703850499110071041e+03 -3.707958346648614452e+02 -5.516844693705299960e+02 -3.707958346648614452e+02 1.307824681809904860e+03
1.527945438403886556e+03 -5.870109977000237222e+01 -5.500920464054979675e+02 -5.870109977000237222e+01 1.702673878134614597e+03 -3.698109671749676863e+02 -5.500920464054979675e+02 -3.698109671749676863e+02 1.309859891820360644e+03
