6.949233087733050525e+02 -2.685527172561871225e+02 -2.190666666741686868e+02 -2.685527172561871225e+02 7.581298327539645925e+02 -3.470331951709073337e+02 -2.190666666741686868e+02 -3.470331951709073337e+02 2.873710825647423235e+02
6.949552445315860041e+02 -2.687001637732047925e+02 -2.192313812072752910e+02 -2.687001637732047925e+02 7.585220529412475798e+02 -3.471117527414495498e+02 -2.192313812072752910e+02 -3.471117527414495498e+02 2.876490188830849775e+02
6.947765397924436002e+02 -2.688348469739829056e+02 -2.194267130499265193e+02 -2.688348469739829056e+02 7.587467752036471893e+02 -3.471263838600656868e+02 -2.194267130499265193e+02 -3.471263838600656868e+02 2.877408341881429124e+02
6.954653193864703553e+02 -2.688157477790934990e+02 -2.194947596541537678e+02 -2.688157477790934990e+02 7.595493076247621502e+02 -3.470096828351086629e+02 -2.194947596541537678e+02 -3.470096828351086629e+02 2.887919491314282823e+02
6.957852812582848401e+02 -2.687819442184359673e+02 -2.195490174820131131e+02 -2.687819442184359673e+02 7.599074312627794825e+02 -3.468236716925520682e+02 -2.195490174820131131e+02 -3.468236716925520682e+02 2.894213252851662901e+02
6.960333144268149681e+02 -2.687128904658683837e+02 -2.195665784867100854e+02 -2.687128904658683837e+02 7.601674952760290580e+02 -3.465909838023702605e+02 -2.195665784867100854e+02 -3.465909838023702605e+02 2.900144990340181153e+02
6.968080678655261408e+02 -2.685768888163539145e+02 -2.195591072772039638e+02 -2.685768888163539145e+02 7.608859582784123177e+02 -3.462451290623163800e+02 -2.195591072772039638e+02 -3.462451290623163800e+02 2.910352347210028370e+02
6.966246203732903268e+02 -2.683838825707792921e+02 -2.194437979481353693e+02 -2.683838825707792921e+02 7.603347002123043694e+02 -3.458201490862921901e+02 -2.194437979481353693e+02 -3.458201490862921901e+02 2.911147628163093373e+02
6.979767627995927342e+02 -2.681430459349351736e+02 -2.193606624305918444e+02 -2.681430459349351736e+02 7.614940927580643120e+02 -3.453004056073411903e+02 -2.193606624305918444e+02 -3.453004056073411903e+02 2.926732974052181930e+02
6.977168819042233281e+02 -2.678540859202134925e+02 -2.191560098878459542e+02 -2.678540859202134925e+02 7.606628108297811650e+02 -3.447123957827068352e+02 -2.191560098878459542e+02 -3.447123957827068352e+02 2.926012038958418202e+02
