1.188791179101548187e+04 -7.344602572568639971e+02 -1.712078518086956365e+03 -7.344602572568639971e+02 1.439121176405939877e+04 -8.697936478621777496e+02 -1.712078518086956365e+03 -8.697936478621777496e+02 8.081719573654086162e+03
1.182377234766647962e+04 -7.294616086075391195e+02 -1.661886316728782504e+03 -7.294616086075391195e+02 1.432645372515385134e+04 -8.524582328709112744e+02 -1.661886316728782504e+03 -8.524582328709112744e+02 8.075467609176253063e+03
1.164172947757426482e+04 -7.111220230242291791e+02 -1.510493773166082292e+03 -7.111220230242291791e+02 1.412502890116872913e+04 -8.002207466097303268e+02 -1.510493773166082292e+03 -8.002207466097303268e+02 8.058497606760772214e+03
1.139640059227148777e+04 -6.676739707595954769e+02 -1.303176540908326388e+03 -6.676739707595954769e+02 1.380274891492266397e+04 -7.277795565549439516e+02 -1.303176540908326388e+03 -7.277795565549439516e+02 8.055184273186666360e+03
1.115630935068754661e+04 -5.916183824115257721e+02 -1.103529315793185788e+03 -5.916183824115257721e+02 1.339724409882892178e+04 -6.524436715066871102e+02 -1.103529315793185788e+03 -6.524436715066871102e+02 8.090045684699823141e+03
1.095688528480576497e+04 -4.866305835367794543e+02 -9.660917351762540193e+02 -4.866305835367794543e+02 1.295140640599872313e+04 -5.844026970043943265e+02 -9.660917351762540193e+02 -5.844026970043943265e+02 8.182826378065213248e+03
1.080183215509433285e+04 -3.845087952574295969e+02 -8.837303654560928408e+02 -3.845087952574295969e+02 1.254290933907013095e+04 -5.286642369546515283e+02 -8.837303654560928408e+02 -5.286642369546515283e+02 8.303541722761176061e+03
1.067995113003461120e+04 -3.053387995374160369e+02 -8.348890751604333218e+02 -3.053387995374160369e+02 1.219941910174990880e+04 -4.821063993863377846e+02 -8.348890751604333218e+02 -4.821063993863377846e+02 8.423006148013453640e+03
1.057947382637233932e+04 -2.534421054599916658e+02 -8.098898376690293617e+02 -2.534421054599916658e+02 1.193350332743741455e+04 -4.438296930488823477e+02 -8.098898376690293617e+02 -4.438296930488823477e+02 8.529564583460063659e+03
1.049794744904106847e+04 -2.204743369312523384e+02 -8.008222457660491500e+02 -2.204743369312523384e+02 1.172376141988363088e+04 -4.130818632014900231e+02 -8.008222457660491500e+02 -4.130818632014900231e+02 8.621938508556495435e+03
