1.649993720968234925e+02 -2.682887164087584324e+02 -4.995631139186468772e+02 -2.682887164087584324e+02 2.741948151086837697e+02 -3.227526831778969267e+02 -4.995631139186468772e+02 -3.227526831778969267e+02 6.935419983512682620e+02
1.654693641539711280e+02 -2.685010551211843790e+02 -4.996495022991067572e+02 -2.685010551211843790e+02 2.749022770434820018e+02 -3.228223239927813211e+02 -4.996495022991067572e+02 -3.228223239927813211e+02 6.937820598803327812e+02
1.654548744665212894e+02 -2.687672884027835494e+02 -4.997202818699154250e+02 -2.687672884027835494e+02 2.752933022674001791e+02 -3.228877042898112109e+02 -4.997202818699154250e+02 -3.228877042898112109e+02 6.934523704065411494e+02
1.662478216305292165e+02 -2.687959732718408077e+02 -4.995778392107707191e+02 -2.687959732718408077e+02 2.762650733789602100e+02 -3.228749620036933834e+02 -4.995778392107707191e+02 -3.228749620036933834e+02 6.938626563125571920e+02
1.667980763466132998e+02 -2.688818315417843223e+02 -4.994267773473028456e+02 -2.688818315417843223e+02 2.772051163944240102e+02 -3.228709567242356684e+02 -4.994267773473028456e+02 -3.228709567242356684e+02 6.938485592995640445e+02
1.670857692872676523e+02 -2.688723288199337276e+02 -4.991413226510512686e+02 -2.688723288199337276e+02 2.777478121272177987e+02 -3.228166302131600673e+02 -4.991413226510512686e+02 -3.228166302131600673e+02 6.936357101103444620e+02
1.680640195273621487e+02 -2.688845409955350760e+02 -4.988127130320154379e+02 -2.688845409955350760e+02 2.792184957696566698e+02 -3.227435142293344370e+02 -4.988127130320154379e+02 -3.227435142293344370e+02 6.937794289614732861e+02
1.676419337539240928e+02 -2.686727520273484515e+02 -4.983074588086618633e+02 -2.686727520273484515e+02 2.788553896996053254e+02 -3.226328782011772773e+02 -4.983074588086618633e+02 -3.226328782011772773e+02 6.927922846449359895e+02
1.690240693063915387e+02 -2.685701461918294513e+02 -4.977581857787194508e+02 -2.685701461918294513e+02 2.807544222730655861e+02 -3.224707625517551151e+02 -4.977581857787194508e+02 -3.224707625517551151e+02 6.930987866920632996e+02
1.687009178623029300e+02 -2.682625053887779814e+02 -4.970714374215086764e+02 -2.682625053887779814e+02 2.805412393105578985e+02 -3.222897396272458650e+02 -4.970714374215086764e+02 -3.222897396272458650e+02 6.919280670670485733e+02
