4.322254170739788606e+02 2.346958327354853845e-03 -9.795999975046347161e-04 2.346958327354853845e-03 -6.151659206913021762e+02 -9.418141725175543399e+01 -9.795999975046347161e-04 -9.418141725175543399e+01 1.460263185446893317e+02
4.323609896319668451e+02 -2.746961659669246505e-02 3.995951656487655573e-02 -2.746961659669246505e-02 -6.151976760578879748e+02 -9.418164174342153672e+01 3.995951656487655573e-02 -9.418164174342153672e+01 1.463847501021095923e+02
4.321597226491461470e+02 -5.798007485230556590e-02 7.706186647036460113e-02 -5.798007485230556590e-02 -6.154528822655711338e+02 -9.406278361039096580e+01 7.706186647036460113e-02 -9.406278361039096580e+01 1.463390966605592496e+02
4.328864021722951065e+02 -8.467417478430686040e-02 1.355521496547038296e-01 -8.467417478430686040e-02 -6.147983257922385292e+02 -9.401427300218119854e+01 1.355521496547038296e-01 -9.401427300218119854e+01 1.473010230414422210e+02
4.337956342366456397e+02 -1.063070080625342084e-01 1.985322661609393025e-01 -1.063070080625342084e-01 -6.137535007615667837e+02 -9.374957691952214134e+01 1.985322661609393025e-01 -9.374957691952214134e+01 1.482715413306366656e+02
