-7.963307675515595747e+02 1.211353159115779619e+02 1.105326733664157075e+02 1.211353159115779619e+02 -1.061906774391180988e+03 2.538798830870704819e+02 1.105326733664157075e+02 2.538798830870704819e+02 -1.467935168121435254e+03
-7.963577201525407645e+02 1.211979594304901582e+02 1.106143255618094372e+02 1.211979594304901582e+02 -1.061776267060113923e+03 2.536547295698208018e+02 1.106143255618094372e+02 2.536547295698208018e+02 -1.467671429828044211e+03
-7.966175432260000662e+02 1.212380195068959949e+02 1.106671526597326789e+02 1.212380195068959949e+02 -1.061876417251128260e+03 2.534994258458509648e+02 1.106671526597326789e+02 2.534994258458509648e+02 -1.467779921139783255e+03
-7.966089183936860536e+02 1.212775689024411037e+02 1.107421660039373421e+02 1.212775689024411037e+02 -1.061642184963021919e+03 2.532824432223724500e+02 1.107421660039373421e+02 2.532824432223724500e+02 -1.467534340388105875e+03
-7.966994223906650632e+02 1.213149620899077092e+02 1.108280171308523308e+02 1.213149620899077092e+02 -1.061509748393147675e+03 2.531040453750355255e+02 1.108280171308523308e+02 2.531040453750355255e+02 -1.467550625433330197e+03
-7.967840251865873142e+02 1.213567811781670400e+02 1.109190885510100202e+02 1.213567811781670400e+02 -1.061387071501944547e+03 2.529074899859848813e+02 1.109190885510100202e+02 2.529074899859848813e+02 -1.467522254274402485e+03
-7.967929337304905175e+02 1.213862304411339181e+02 1.110150965528211202e+02 1.213862304411339181e+02 -1.061159534807344926e+03 2.527211482141482293e+02 1.110150965528211202e+02 2.527211482141482293e+02 -1.467474193531179253e+03
-7.968199998161076110e+02 1.214084166874153254e+02 1.111103669045000970e+02 1.214084166874153254e+02 -1.060938409994663061e+03 2.525349199269472535e+02 1.111103669045000970e+02 2.525349199269472535e+02 -1.467443155483312466e+03
-7.968174464118040987e+02 1.214325889148216646e+02 1.112131272421359682e+02 1.214325889148216646e+02 -1.060685282514710934e+03 2.523558411717960723e+02 1.112131272421359682e+02 2.523558411717960723e+02 -1.467421366433256026e+03
-7.968737347911164761e+02 1.214503492603103467e+02 1.113209943883788355e+02 1.214503492603103467e+02 -1.060466030198517956e+03 2.521771596128698718e+02 1.113209943883788355e+02 2.521771596128698718e+02 -1.467535418492145027e+03
