-9.074366709913881834e+00 -2.329723805741684976e-04 1.102139038849354316e-03 -2.329723805741684976e-04 -3.581523102328581842e+01 -2.422897028868495539e+01 1.102139038849354316e-03 -2.422897028868495539e+01 4.181380075632787907e+01
-8.959877415565252079e+00 8.991586956977563883e-02 1.217609173946938295e-01 8.991586956977563883e-02 -3.531359027063924572e+01 -2.468701463822357667e+01 1.217609173946938295e-01 -2.468701463822357667e+01 4.206182657356765020e+01
-9.222746457912920803e+00 1.821287733428954281e-01 2.429504260999570397e-01 1.821287733428954281e-01 -3.517841413620312352e+01 -2.515827714223385314e+01 2.429504260999570397e-01 -2.515827714223385314e+01 4.198210016999939143e+01
-8.538934049009752059e+00 2.657019745146074197e-01 3.729840307977932423e-01 2.657019745146074197e-01 -3.409817341271387647e+01 -2.563036667623944709e+01 3.729840307977932423e-01 -2.563036667623944709e+01 4.293701059645049867e+01
-7.825753969917596642e+00 3.431979516183738532e-01 5.019091796442346487e-01 3.431979516183738532e-01 -3.300711077559657980e+01 -2.610565764724964666e+01 5.019091796442346487e-01 -2.610565764724964666e+01 4.381439312360255656e+01
