1.150153662520888389e+02 -1.376523419952862071e+02 -4.142983574703749809e+02 -1.376523419952862071e+02 7.440960581682419672e+01 -3.133888843853997059e+02 -4.142983574703749809e+02 -3.133888843853997059e+02 5.512105021061875050e+02
1.150950768052517219e+02 -1.376932337437316392e+02 -4.143431604334015219e+02 -1.376932337437316392e+02 7.420678978472108156e+01 -3.129670403367548488e+02 -4.143431604334015219e+02 -3.129670403367548488e+02 5.508579647799197119e+02
1.146967391562392748e+02 -1.378146574004019840e+02 -4.143884522982507406e+02 -1.378146574004019840e+02 7.364991105266359739e+01 -3.125103278101194064e+02 -4.143884522982507406e+02 -3.125103278101194064e+02 5.499374017600382558e+02
1.155418744029240656e+02 -1.378931945891905286e+02 -4.144277208926450271e+02 -1.378931945891905286e+02 7.421629403615315823e+01 -3.120003054287435589e+02 -4.144277208926450271e+02 -3.120003054287435589e+02 5.498351430548152621e+02
1.160817980197724779e+02 -1.380496040602888286e+02 -4.145114991089722594e+02 -1.380496040602888286e+02 7.463882254734974708e+01 -3.114823823939137810e+02 -4.145114991089722594e+02 -3.114823823939137810e+02 5.492907802094174485e+02
1.167340517193901519e+02 -1.382405300000654051e+02 -4.145671556924613128e+02 -1.382405300000654051e+02 7.521652849705161259e+01 -3.109268139187410043e+02 -4.145671556924613128e+02 -3.109268139187410043e+02 5.487101995169983866e+02
1.175611367107831597e+02 -1.384485870597071937e+02 -4.146455168765937742e+02 -1.384485870597071937e+02 7.598666620414375927e+01 -3.103422437874493198e+02 -4.146455168765937742e+02 -3.103422437874493198e+02 5.481093391769765049e+02
1.184268058340187650e+02 -1.386905934619129539e+02 -4.147148627111167229e+02 -1.386905934619129539e+02 7.683037385750644432e+01 -3.097209669073139935e+02 -4.147148627111167229e+02 -3.097209669073139935e+02 5.473893432408140143e+02
1.197181128840429096e+02 -1.389954530824370522e+02 -4.147870832883567687e+02 -1.389954530824370522e+02 7.822478052388849790e+01 -3.090658580210520654e+02 -4.147870832883567687e+02 -3.090658580210520654e+02 5.468358085972233766e+02
1.207546434162540123e+02 -1.393001366983049820e+02 -4.148636062016360597e+02 -1.393001366983049820e+02 7.931776943857781248e+01 -3.083883769873862661e+02 -4.148636062016360597e+02 -3.083883769873862661e+02 5.459348407623932644e+02
