-1.015367581276231448e+02 2.413391070467777854e-03 6.985099358427063893e-03 2.413391070467777854e-03 -1.035436007185779772e+02 5.473884884870737766e-01 6.985099358427063893e-03 5.473884884870737766e-01 2.228611450947989567e+02
-1.013491414982262881e+02 -1.118400739972872787e-01 -2.107302446896254788e-01 -1.118400739972872787e-01 -1.037515251508848593e+02 7.407540901086993035e-01 -2.107302446896254788e-01 7.407540901086993035e-01 2.231586593126973526e+02
-1.016096111442463013e+02 -2.280556456263982401e-01 -4.345673612091084936e-01 -2.280556456263982401e-01 -1.044003349275284194e+02 9.355716505857283316e-01 -4.345673612091084936e-01 9.355716505857283316e-01 2.229248350737805708e+02
-1.009376092680474954e+02 -3.330283466589397667e-01 -6.663902514333100990e-01 -3.330283466589397667e-01 -1.040759987129362969e+02 1.134077971398106399e+00 -6.663902514333100990e-01 1.134077971398106399e+00 2.237840611580639347e+02
-1.001918518062073389e+02 -4.278373357036576730e-01 -8.969966355894710697e-01 -4.278373357036576730e-01 -1.036435308057478437e+02 1.321949674647935558e+00 -8.969966355894710697e-01 1.321949674647935558e+00 2.245088044586319995e+02
