-1.467500286362857196e+02 4.226022753642305219e+01 -5.047730240661196603e+02 4.226022753642305219e+01 4.311456623543302271e+02 -3.978920876309531991e+02 -5.047730240661196603e+02 -3.978920876309531991e+02 6.212971825692368384e+02
-1.468824277766067894e+02 4.234954297538985912e+01 -5.047216666797277185e+02 4.234954297538985912e+01 4.312101163787449991e+02 -3.980225696979119334e+02 -5.047216666797277185e+02 -3.980225696979119334e+02 6.214505887976655458e+02
-1.474269371506784978e+02 4.231824423028423610e+01 -5.045998820719182731e+02 4.231824423028423610e+01 4.309819039297446466e+02 -3.980738463654254247e+02 -5.045998820719182731e+02 -3.980738463654254247e+02 6.210335547123315791e+02
-1.473101369336112043e+02 4.219274655406766072e+01 -5.043326218654844411e+02 4.219274655406766072e+01 4.313971420200338116e+02 -3.979441109480920318e+02 -5.043326218654844411e+02 -3.979441109480920318e+02 6.211086030895385193e+02
-1.475242437586084350e+02 4.195125584956794285e+01 -5.040255067128328506e+02 4.195125584956794285e+01 4.315594676845275330e+02 -3.977369257669189437e+02 -5.040255067128328506e+02 -3.977369257669189437e+02 6.207112644105378649e+02
-1.477338303264143917e+02 4.161427471190263105e+01 -5.036584779726773604e+02 4.161427471190263105e+01 4.317835432910090958e+02 -3.974350977008035670e+02 -5.036584779726773604e+02 -3.974350977008035670e+02 6.202118163503416781e+02
-1.481521760935225984e+02 4.119310378404990303e+01 -5.032019118166394378e+02 4.119310378404990303e+01 4.318390375199197706e+02 -3.970015969642728919e+02 -5.032019118166394378e+02 -3.970015969642728919e+02 6.193848716206940708e+02
-1.484400801531112393e+02 4.066568663248271065e+01 -5.026665438555482979e+02 4.066568663248271065e+01 4.320432966417503167e+02 -3.964549081804839830e+02 -5.026665438555482979e+02 -3.964549081804839830e+02 6.185016456530711366e+02
-1.488931955770969182e+02 4.007197910201674773e+01 -5.020535646928606184e+02 4.007197910201674773e+01 4.320671894297612994e+02 -3.957777373297363397e+02 -5.020535646928606184e+02 -3.957777373297363397e+02 6.173447625078998726e+02
-1.491988577899370227e+02 3.936530550120822625e+01 -5.013536512981194164e+02 3.936530550120822625e+01 4.322517329655389062e+02 -3.949831205108940821e+02 -5.013536512981194164e+02 -3.949831205108940821e+02 6.161600313496752506e+02
