1.671064077821054161e+04 -6.157124371789358293e+02 -4.539471899365443619e+02 -6.157124371789358293e+02 6.759868425902117451e+03 1.197060652507600707e+03 -4.539471899365443619e+02 1.197060652507600707e+03 5.766789680114264229e+03
1.671086320543146576e+04 -6.157376216727014935e+02 -4.542809541043170043e+02 -6.157376216727014935e+02 6.757168664084811098e+03 1.196350497526525260e+03 -4.542809541043170043e+02 1.196350497526525260e+03 5.766967857423710484e+03
1.671045539169055701e+04 -6.144071722123187556e+02 -4.541685747661014148e+02 -6.144071722123187556e+02 6.748050779249972038e+03 1.193029677340053468e+03 -4.541685747661014148e+02 1.193029677340053468e+03 5.765131935678346053e+03
1.670946508806113707e+04 -6.118083711712838522e+02 -4.536199267897533218e+02 -6.118083711712838522e+02 6.732553021590819299e+03 1.186624031190206551e+03 -4.536199267897533218e+02 1.186624031190206551e+03 5.762185501094298161e+03
1.670769016610383187e+04 -6.078784602234263730e+02 -4.525575947124460185e+02 -6.078784602234263730e+02 6.711004452578182281e+03 1.177818330634644099e+03 -4.525575947124460185e+02 1.177818330634644099e+03 5.757006383555362845e+03
1.670493584981914682e+04 -6.027641221359107249e+02 -4.509656243762017311e+02 -6.027641221359107249e+02 6.683725826380686158e+03 1.166352924736219620e+03 -4.509656243762017311e+02 1.166352924736219620e+03 5.750664020905963298e+03
1.670054371389234439e+04 -5.965300010879952879e+02 -4.488148924801728299e+02 -5.965300010879952879e+02 6.650931342488907831e+03 1.152675890597125317e+03 -4.488148924801728299e+02 1.152675890597125317e+03 5.742489197887120099e+03
1.669412905225073337e+04 -5.892743126267729394e+02 -4.462123515617067255e+02 -5.892743126267729394e+02 6.613870040393020645e+03 1.136945982035724455e+03 -4.462123515617067255e+02 1.136945982035724455e+03 5.733432145739434418e+03
1.668492677350092345e+04 -5.811572746928351307e+02 -4.433194927111584889e+02 -5.811572746928351307e+02 6.573681229987927509e+03 1.119718594722112812e+03 -4.433194927111584889e+02 1.119718594722112812e+03 5.723536613071666579e+03
1.667286454682196563e+04 -5.724839976270823172e+02 -4.402873114905177658e+02 -5.724839976270823172e+02 6.531209693885039997e+03 1.101327293894412833e+03 -4.402873114905177658e+02 1.101327293894412833e+03 5.712756615305783271e+03
