1.590191212237376931e+04 -6.704988500615070734e+03 -1.197258891013729954e+04 -6.704988500615070734e+03 1.792480752315026984e+04 3.863166186032228779e+03 -1.197258891013729954e+04 3.863166186032228779e+03 2.015953693583166023e+04
1.516894970816098066e+04 -6.086887901871895338e+03 -1.111801097663011569e+04 -6.086887901871895338e+03 1.757506136991567837e+04 3.091494579086403064e+03 -1.111801097663011569e+04 3.091494579086403064e+03 1.927329417920739797e+04
1.339447043678335831e+04 -4.679062999880597999e+03 -9.025430812461196183e+03 -4.679062999880597999e+03 1.679699135149253198e+04 1.335969671564821738e+03 -9.025430812461196183e+03 1.335969671564821738e+03 1.708768129421328922e+04
1.174619764458552709e+04 -3.444810466648250895e+03 -6.918722633749785928e+03 -3.444810466648250895e+03 1.615055408855749192e+04 -2.102103624679763527e+02 -6.918722633749785928e+03 -2.102103624679763527e+02 1.495195859604057296e+04
1.078142987300666391e+04 -2.768643653153942523e+03 -5.567518258168746797e+03 -2.768643653153942523e+03 1.579300620755129057e+04 -1.040998922442127423e+03 -5.567518258168746797e+03 -1.040998922442127423e+03 1.363218494383028337e+04
1.028551148875112085e+04 -2.450342117362357385e+03 -4.836564253470481162e+03 -2.450342117362357385e+03 1.559563036873699275e+04 -1.419791514763280702e+03 -4.836564253470481162e+03 -1.419791514763280702e+03 1.292249534808745375e+04
1.001424905066001702e+04 -2.295689238563026265e+03 -4.417436322095372816e+03 -2.295689238563026265e+03 1.546782747340169408e+04 -1.600010438781142966e+03 -4.417436322095372816e+03 -1.600010438781142966e+03 1.250863482971310259e+04
9.844105908392366473e+03 -2.207457365842674335e+03 -4.146073881175507267e+03 -2.207457365842674335e+03 1.536803688727838016e+04 -1.694386625665997599e+03 -4.146073881175507267e+03 -1.694386625665997599e+03 1.223378571897351685e+04
9.721722241104229397e+03 -2.148641823454715905e+03 -3.948131309677225545e+03 -2.148641823454715905e+03 1.528311788475505273e+04 -1.751249364821062954e+03 -3.948131309677225545e+03 -1.751249364821062954e+03 1.203084589282495472e+04
9.624643765888504277e+03 -2.103430249894156532e+03 -3.791888628090830480e+03 -2.103430249894156532e+03 1.520702290779694886e+04 -1.790621176582405951e+03 -3.791888628090830480e+03 -1.790621176582405951e+03 1.187046954853547868e+04
