8.291533892077181633e+01 -1.395694896886435856e+02 -4.256390979433055008e+02 -1.395694896886435856e+02 -1.886162436295084035e+02 -2.528055095211470871e+02 -4.256390979433055008e+02 -2.528055095211470871e+02 2.255101418534085838e+02
8.282528130390022625e+01 -1.393667390903235344e+02 -4.255602948989699144e+02 -1.393667390903235344e+02 -1.882649957834666452e+02 -2.529794189625573324e+02 -4.255602948989699144e+02 -2.529794189625573324e+02 2.254032339326093961e+02
8.236542157374077533e+01 -1.392905025092577205e+02 -4.255192945964043929e+02 -1.392905025092577205e+02 -1.880356549427439461e+02 -2.531486162091114522e+02 -4.255192945964043929e+02 -2.531486162091114522e+02 2.248729647552018491e+02
8.287993434959805938e+01 -1.390237586218642321e+02 -4.253429449112294378e+02 -1.390237586218642321e+02 -1.870494178032500940e+02 -2.532650537025438382e+02 -4.253429449112294378e+02 -2.532650537025438382e+02 2.252729122936186457e+02
8.317829622301303516e+01 -1.388937104584678082e+02 -4.252555379039644095e+02 -1.388937104584678082e+02 -1.860176995687606052e+02 -2.533743387573553036e+02 -4.252555379039644095e+02 -2.533743387573553036e+02 2.253934098477976704e+02
8.322691176905138377e+01 -1.387592446123937577e+02 -4.251153501069935601e+02 -1.387592446123937577e+02 -1.852753395496573603e+02 -2.534734000322555971e+02 -4.251153501069935601e+02 -2.534734000322555971e+02 2.252621836356871938e+02
8.395477758165509385e+01 -1.386525680940205518e+02 -4.249809052975036820e+02 -1.386525680940205518e+02 -1.837170545765758902e+02 -2.535353738092478295e+02 -4.249809052975036820e+02 -2.535353738092478295e+02 2.257327720237780966e+02
8.361989619810485408e+01 -1.384801732866711745e+02 -4.248198071358586390e+02 -1.384801732866711745e+02 -1.834323244097090821e+02 -2.536112948415509152e+02 -4.248198071358586390e+02 -2.536112948415509152e+02 2.252196897356450052e+02
8.487087874949516220e+01 -1.384138870099222061e+02 -4.246454559261805457e+02 -1.384138870099222061e+02 -1.812068852059653352e+02 -2.536013445372340982e+02 -4.246454559261805457e+02 -2.536013445372340982e+02 2.260841881624932626e+02
8.466924309013658956e+01 -1.382832077490004110e+02 -4.244622272779789114e+02 -1.382832077490004110e+02 -1.806686852363221476e+02 -2.536198356947276977e+02 -4.244622272779789114e+02 -2.536198356947276977e+02 2.255619549602421898e+02
