1.963778731037667171e+02 -1.681863861518336876e+02 -4.277601452041827201e+02 -1.681863861518336876e+02 2.688583032173600600e+02 -3.298829897758903940e+02 -4.277601452041827201e+02 -3.298829897758903940e+02 3.334316203881539877e+02
1.964149951369376197e+02 -1.679545033116929176e+02 -4.274759358813321910e+02 -1.679545033116929176e+02 2.688759851330523247e+02 -3.300974104755622420e+02 -4.274759358813321910e+02 -3.300974104755622420e+02 3.331934439848006377e+02
1.960037157758917203e+02 -1.678165843692931105e+02 -4.272253921267771375e+02 -1.678165843692931105e+02 2.685991482699649850e+02 -3.303170658214615969e+02 -4.272253921267771375e+02 -3.303170658214615969e+02 3.324756581055227684e+02
1.965415057472918932e+02 -1.675090389136419162e+02 -4.268330733736318052e+02 -1.675090389136419162e+02 2.690096684075122653e+02 -3.304142863884205212e+02 -4.268330733736318052e+02 -3.304142863884205212e+02 3.326649245319102874e+02
1.966515132363333862e+02 -1.672573563238388772e+02 -4.264400353561192674e+02 -1.672573563238388772e+02 2.690673693934097628e+02 -3.305011375607531363e+02 -4.264400353561192674e+02 -3.305011375607531363e+02 3.323883474031778178e+02
1.968011801633965092e+02 -1.670056937136016302e+02 -4.260050802096549205e+02 -1.670056937136016302e+02 2.691629915951083944e+02 -3.305526049221354015e+02 -4.260050802096549205e+02 -3.305526049221354015e+02 3.321398215847639221e+02
1.972395118564733139e+02 -1.667707539999004496e+02 -4.255390568384431162e+02 -1.667707539999004496e+02 2.695945102562631064e+02 -3.305500675172846741e+02 -4.255390568384431162e+02 -3.305500675172846741e+02 3.320210830254879397e+02
1.971477457109652391e+02 -1.664514006208886769e+02 -4.250141936460857437e+02 -1.664514006208886769e+02 2.693098014442687145e+02 -3.305023163551326206e+02 -4.250141936460857437e+02 -3.305023163551326206e+02 3.314281094934752900e+02
1.978475499810645317e+02 -1.661981796045225792e+02 -4.244570234959041954e+02 -1.661981796045225792e+02 2.699580384551569523e+02 -3.304003006923927614e+02 -4.244570234959041954e+02 -3.304003006923927614e+02 3.314732233529477412e+02
1.976424397590340618e+02 -1.658370089943877019e+02 -4.238329018208810908e+02 -1.658370089943877019e+02 2.694701374594445156e+02 -3.302470973821911002e+02 -4.238329018208810908e+02 -3.302470973821911002e+02 3.306412142962543612e+02
