5.393596219785160883e+02 -2.979760169027912298e+02 -8.676299218404207068e+02 -2.979760169027912298e+02 1.087384870760014564e+03 -4.065818188153500046e+02 -8.676299218404207068e+02 -4.065818188153500046e+02 1.541494097173488626e+03
5.401216197240325982e+02 -2.982695178809576646e+02 -8.679542216605785825e+02 -2.982695178809576646e+02 1.088380943178873395e+03 -4.067317308324887222e+02 -8.679542216605785825e+02 -4.067317308324887222e+02 1.542200577096667303e+03
5.402757876443229179e+02 -2.985745358541834662e+02 -8.679477770072345493e+02 -2.985745358541834662e+02 1.088775682538949923e+03 -4.067013315242624572e+02 -8.679477770072345493e+02 -4.067013315242624572e+02 1.541901847437485685e+03
5.407261837950034078e+02 -2.987129656183292923e+02 -8.675068654407207305e+02 -2.987129656183292923e+02 1.089224428441469627e+03 -4.064251668373017310e+02 -8.675068654407207305e+02 -4.064251668373017310e+02 1.541564884134072372e+03
5.405399663183259236e+02 -2.988579790040852799e+02 -8.667949136420613740e+02 -2.988579790040852799e+02 1.089040538683250588e+03 -4.059898313724681316e+02 -8.667949136420613740e+02 -4.059898313724681316e+02 1.540220800434639159e+03
5.403318960817920242e+02 -2.988933464278273959e+02 -8.657066705206603956e+02 -2.988933464278273959e+02 1.088678196300226546e+03 -4.053425171886144085e+02 -8.657066705206603956e+02 -4.053425171886144085e+02 1.538555317877604693e+03
5.397012580898796159e+02 -2.988662649869561392e+02 -8.642978449802218393e+02 -2.988662649869561392e+02 1.087808446035322959e+03 -4.045079953791866387e+02 -8.642978449802218393e+02 -4.045079953791866387e+02 1.536094537304270716e+03
5.388589193154793975e+02 -2.987283042407086100e+02 -8.625344245375986247e+02 -2.987283042407086100e+02 1.086568275856923719e+03 -4.034706146432066589e+02 -8.625344245375986247e+02 -4.034706146432066589e+02 1.533090998796348003e+03
5.377303232837872429e+02 -2.984735754088056865e+02 -8.604255810983586343e+02 -2.984735754088056865e+02 1.084893534539155098e+03 -4.022353083541237311e+02 -8.604255810983586343e+02 -4.022353083541237311e+02 1.529485831922077750e+03
5.364180285752420332e+02 -2.981084362894249580e+02 -8.579707066763372723e+02 -2.981084362894249580e+02 1.082887961892718067e+03 -4.008017117202389841e+02 -8.579707066763372723e+02 -4.008017117202389841e+02 1.525337924484251971e+03
