5.895831046675231164e+02 -3.031295939966725541e+02 -8.864893605528267244e+02 -3.031295939966725541e+02 1.120119070555087774e+03 -4.088069557552058200e+02 -8.864893605528267244e+02 -4.088069557552058200e+02 1.558821385686378335e+03
5.891276393300573773e+02 -3.028104617005506043e+02 -8.861278093227949739e+02 -3.028104617005506043e+02 1.120200636154355834e+03 -4.091839383148288221e+02 -8.861278093227949739e+02 -4.091839383148288221e+02 1.558732242202043153e+03
5.880736071846197319e+02 -3.025019556659887030e+02 -8.854736828393082533e+02 -3.025019556659887030e+02 1.119680707126421112e+03 -4.094035936469788339e+02 -8.854736828393082533e+02 -4.094035936469788339e+02 1.557659627015724936e+03
5.874008115479222170e+02 -3.019626169188027234e+02 -8.843687066392602674e+02 -3.019626169188027234e+02 1.119140266141407210e+03 -4.093582296713724986e+02 -8.843687066392602674e+02 -4.093582296713724986e+02 1.556701971790368361e+03
5.862097746849642590e+02 -3.014995392513377510e+02 -8.830634159364495872e+02 -3.014995392513377510e+02 1.118139382526235977e+03 -4.091999896531982586e+02 -8.830634159364495872e+02 -4.091999896531982586e+02 1.554750184156536307e+03
5.846861203349582183e+02 -3.008116050669721062e+02 -8.813707403045146975e+02 -3.008116050669721062e+02 1.116491605863323684e+03 -4.088191320387114160e+02 -8.813707403045146975e+02 -4.088191320387114160e+02 1.552395786933581348e+03
5.833521542261548802e+02 -3.002039103519875880e+02 -8.793753626090806392e+02 -3.002039103519875880e+02 1.115050051009033268e+03 -4.082715092853498504e+02 -8.793753626090806392e+02 -4.082715092853498504e+02 1.549491183587355863e+03
5.809796389689032594e+02 -2.992556069257022386e+02 -8.770277682602202276e+02 -2.992556069257022386e+02 1.112158553959480741e+03 -4.075080890322361142e+02 -8.770277682602202276e+02 -4.075080890322361142e+02 1.545669156696493701e+03
5.792639713447761096e+02 -2.983924685940916675e+02 -8.743257527822777320e+02 -2.983924685940916675e+02 1.109929794626445528e+03 -4.065590622623761874e+02 -8.743257527822777320e+02 -4.065590622623761874e+02 1.541741883315528639e+03
5.765290954015879379e+02 -2.972424556452925799e+02 -8.712938237444584502e+02 -2.972424556452925799e+02 1.106344989983115966e+03 -4.054104787782601989e+02 -8.712938237444584502e+02 -4.054104787782601989e+02 1.536768551790912397e+03
