1.642744152524691890e+04 -6.702082404389699377e+02 -5.269503732220291568e+02 -6.702082404389699377e+02 6.732842455845212498e+03 1.188670759842062125e+03 -5.269503732220291568e+02 1.188670759842062125e+03 5.734861117773602928e+03
1.642672185035055372e+04 -6.688663213368313336e+02 -5.265228381870281282e+02 -6.688663213368313336e+02 6.730245850233428428e+03 1.187397784048857829e+03 -5.265228381870281282e+02 1.187397784048857829e+03 5.734629846057866416e+03
1.642484100221960398e+04 -6.652368158186824303e+02 -5.255823940938661281e+02 -6.652368158186824303e+02 6.721877986291462548e+03 1.183422528557399119e+03 -5.255823940938661281e+02 1.183422528557399119e+03 5.732133555123570659e+03
1.642225698200618353e+04 -6.593714994603594732e+02 -5.240889535247059712e+02 -6.593714994603594732e+02 6.707981199029225536e+03 1.176322216911061105e+03 -5.240889535247059712e+02 1.176322216911061105e+03 5.728495413666887544e+03
1.641882402820598872e+04 -6.512843035207790763e+02 -5.220434697974375240e+02 -6.512843035207790763e+02 6.688685756532540836e+03 1.166634183934789007e+03 -5.220434697974375240e+02 1.166634183934789007e+03 5.722775185882595906e+03
1.641419567786005791e+04 -6.412517702988511701e+02 -5.195186354039585694e+02 -6.412517702988511701e+02 6.663870355108180775e+03 1.154142362932640708e+03 -5.195186354039585694e+02 1.154142362932640708e+03 5.715673304065614502e+03
1.640818637044493880e+04 -6.296133610742405153e+02 -5.165545698064056523e+02 -6.296133610742405153e+02 6.634517689257317215e+03 1.139577259773988317e+03 -5.165545698064056523e+02 1.139577259773988317e+03 5.706956541797980208e+03
1.640043215482558298e+04 -6.169742324303670102e+02 -5.132578443316149333e+02 -6.169742324303670102e+02 6.601029674598036763e+03 1.122864611796291229e+03 -5.132578443316149333e+02 1.122864611796291229e+03 5.697718074312155295e+03
1.639095725649191081e+04 -6.039101803618472104e+02 -5.096459791999725439e+02 -6.039101803618472104e+02 6.563639569592603038e+03 1.104658018551727537e+03 -5.096459791999725439e+02 1.104658018551727537e+03 5.687090686748881126e+03
1.638038563401967804e+04 -5.908874093612962497e+02 -5.057879257314875758e+02 -5.908874093612962497e+02 6.524401926504852781e+03 1.085487292466090821e+03 -5.057879257314875758e+02 1.085487292466090821e+03 5.676246423371119818e+03
